% # columns="iteration, evaluation, min max(neg(.)) min(pos(.)) max correlation, correlation matrix principle axes lengths  (sorted square roots of eigenvalues of correlation matrix)", seed=480852, Sat Jul  6 19:23:19 2019
1 11 -0.03936411412023665 -0.00035713006999571516 0.0002619950525204705 0.030195682603423746 1 1 1 1 1 1 1 1 1 1 1 1
2 22 -0.03492719165886572 -0.00022123166371568564 0.00030652739920654885 0.060155095211501544 1 1 1 1 1 1 1 1 1 1 1 1
3 33 -0.0479593536617484 -0.0018271493555921895 2.2582502248889832e-05 0.08648949805080179 1 1 1 1 1 1 1 1 1 1 1 1
4 44 -0.05435740112719059 -0.00124592471517785 0.0011780212081493398 0.10409619209587247 1 1 1 1 1 1 1 1 1 1 1 1
5 55 -0.07004415616497214 -0.0002910694330894601 0.00034283111486604033 0.1319374440346166 1 1 1 1 1 1 1 1 1 1 1 1
6 66 -0.07880493510765363 -0.00024411075461175583 0.0002694985187958966 0.14469223238658815 1 1 1 1 1 1 1 1 1 1 1 1
7 77 -0.11765427679342946 -0.002395320741027538 0.0008548548878455375 0.16110471948924968 1 1 1 1 1 1 1 1 1 1 1 1
8 88 -0.12312457568836797 -0.0005564668482895094 0.00044157354931919414 0.15279758103267968 1 1 1 1 1 1 1 1 1 1 1 1
9 99 -0.14723475326800528 -0.0011344722713990893 0.0018824990582303816 0.15700318360162044 1 1 1 1 1 1 1 1 1 1 1 1
10 110 -0.14731471658927878 -0.0020637149844678765 0.0010005835868769687 0.14377484630497692 1 1 1 1 1 1 1 1 1 1 1 1
11 121 -0.16358104129466716 -0.0020168911730802236 0.0014993472182386993 0.12848243480009075 1 1 1 1 1 1 1 1 1 1 1 1
12 132 -0.142436886591277 -0.00279362211861138 0.004024497041364641 0.17623098192363928 1 1 1 1 1 1 1 1 1 1 1 1
13 143 -0.14499797012311852 -0.0009500228053696695 0.0008486647268887812 0.1669489110341554 1 1 1 1 1 1 1 1 1 1 1 1
14 154 -0.14220124911791931 -0.0013109330031611773 0.00013219661255755162 0.17040418258801224 1 1 1 1 1 1 1 1 1 1 1 1
15 165 -0.13325038439113662 -0.002216062502791805 0.0005965149098897502 0.171893952781381 1 1 1 1 1 1 1 1 1 1 1 1
16 176 -0.12656737377979385 -0.001805208208892319 0.0027922226161581037 0.18366054977450744 1 1 1 1 1 1 1 1 1 1 1 1
17 187 -0.137280177081479 -0.010052332692211787 0.0006086933494009088 0.22736696218282548 1 1 1 1 1 1 1 1 1 1 1 1
18 198 -0.13865213285617992 -0.0007102114570470226 0.0021060035173313544 0.24585125254910237 1 1 1 1 1 1 1 1 1 1 1 1
19 209 -0.11705528137105958 -0.0020209202967604338 0.005248724694192083 0.2725296413357534 1 1 1 1 1 1 1 1 1 1 1 1
20 220 -0.12417543205945723 -0.0009152240466653503 0.007550778582329747 0.2942401792975338 1 1 1 1 1 1 1 1 1 1 1 1
21 231 -0.11774109596322846 -0.006930207503393937 0.006078372399145062 0.3161485234588824 1 1 1 1 1 1 1 1 1 1 1 1
22 242 -0.13258517066036754 -0.0010770818837169036 0.00412061593763048 0.3205761920294291 1 1 1 1 1 1 1 1 1 1 1 1
23 253 -0.13863338208380427 -0.0038741589518033514 0.002448402934298765 0.32245468294482726 1 1 1 1 1 1 1 1 1 1 1 1
24 264 -0.12127705882852241 -0.005386762638894293 0.0029364563414088565 0.32066836502119095 1 1 1 1 1 1 1 1 1 1 1 1
25 275 -0.15843415357276783 -0.010143987412557062 0.0029512318535217553 0.34359774736587206 1 1 1 1 1 1 1 1 1 1 1 1
26 286 -0.14316549220996905 -0.003943531602130542 0.010874543306101754 0.34498057480554994 1 1 1 1 1 1 1 1 1 1 1 1
27 297 -0.15908280499507624 -0.000585242093038413 0.010935148737297309 0.3483778521210513 1 1 1 1 1 1 1 1 1 1 1 1
28 308 -0.14414800677014508 -0.004004605163195578 0.0019181690600118253 0.3625820740179309 1 1 1 1 1 1 1 1 1 1 1 1
29 319 -0.14819254807249552 -0.0005696605779236964 0.002890561633694347 0.3518328975088688 1 1 1 1 1 1 1 1 1 1 1 1
30 330 -0.13763767338250507 -0.0053950098234892534 0.0021777330783547284 0.3568174609354475 1 1 1 1 1 1 1 1 1 1 1 1
31 341 -0.13961837701856114 -0.0029632438310945052 0.003438028620332 0.34867357392291054 1 1 1 1 1 1 1 1 1 1 1 1
32 352 -0.14003034471561498 -0.006477830026919685 0.002956627435901867 0.37860352751463455 1 1 1 1 1 1 1 1 1 1 1 1
33 363 -0.16292007814018625 -0.0015505697520604158 0.0009111878358722745 0.37178192285100475 1 1 1 1 1 1 1 1 1 1 1 1
34 374 -0.16847133017384117 -0.00676991340972396 0.0006671164083145624 0.36556345124784967 1 1 1 1 1 1 1 1 1 1 1 1
35 385 -0.17926580133227032 -0.002382151869761693 0.004175501648568436 0.39660992921311006 1 1 1 1 1 1 1 1 1 1 1 1
36 396 -0.1777058851098638 -0.0016724813835735973 0.0018728254903203222 0.40314340527338394 1 1 1 1 1 1 1 1 1 1 1 1
37 407 -0.1985793971612244 -0.009044939954656496 0.002788356351228352 0.43077053952138605 1 1 1 1 1 1 1 1 1 1 1 1
38 418 -0.17892651713764343 -0.007146589730958071 0.002687178322464069 0.4310888329416826 1 1 1 1 1 1 1 1 1 1 1 1
39 429 -0.18178635378466496 -0.005352915130328805 0.006913644476463773 0.4560392710612547 1 1 1 1 1 1 1 1 1 1 1 1
40 440 -0.1833315269689391 -0.0016959840402213273 0.004677833650092111 0.46689383135756735 1 1 1 1 1 1 1 1 1 1 1 1
41 451 -0.19097138941112826 -0.010932230920001642 0.0009618085638594986 0.47319647737431453 1 1 1 1 1 1 1 1 1 1 1 1
42 462 -0.19027443125878488 -0.000827249266051129 0.0005627775637000955 0.46309732439780377 1 1 1 1 1 1 1 1 1 1 1 1
43 473 -0.1930145567682792 -0.015521939816760732 0.0009183861797709077 0.4839312258056788 1 1 1 1 1 1 1 1 1 1 1 1
44 484 -0.19430194355188432 -0.0005540189086946205 0.0022440581805364453 0.49524099057725196 1 1 1 1 1 1 1 1 1 1 1 1
45 495 -0.20235784809086557 -0.0031931380477048365 0.0007734837302831422 0.5262890582777795 1 1 1 1 1 1 1 1 1 1 1 1
46 506 -0.1954408067540815 -0.005114280478860639 0.00024161561148401605 0.5372092250700551 1 1 1 1 1 1 1 1 1 1 1 1
47 517 -0.21087161662090428 -0.003186313831292397 0.004410880463105835 0.5609500603390615 1 1 1 1 1 1 1 1 1 1 1 1
48 528 -0.20554572489043132 -0.0009527386441365692 0.0010320091228609078 0.5870430676277423 1 1 1 1 1 1 1 1 1 1 1 1
49 539 -0.22482369553476242 -0.002592243370631644 0.00010402393164973092 0.5839969352780503 1 1 1 1 1 1 1 1 1 1 1 1
50 550 -0.2253051575014788 -0.001901314500448044 6.997304173114114e-06 0.5891264617383468 1 1 1 1 1 1 1 1 1 1 1 1
51 561 -0.2235371262429884 -0.006964381714938119 0.01520259132014082 0.5851079312199527 1 1 1 1 1 1 1 1 1 1 1 1
52 572 -0.21637225615352518 -0.013135162501113271 0.0005278881251730669 0.5883628664400979 1 1 1 1 1 1 1 1 1 1 1 1
53 583 -0.21829926393109128 -0.009574972964768317 0.004447775352213458 0.6083792941092022 1 1 1 1 1 1 1 1 1 1 1 1
54 594 -0.1964396106789114 -0.007431635432873107 0.0023655685966732453 0.6163733527491563 1 1 1 1 1 1 1 1 1 1 1 1
55 605 -0.1888949836640177 -0.0017983654780910538 0.001427073624917385 0.6302815637200524 1 1 1 1 1 1 1 1 1 1 1 1
56 616 -0.1908918547177562 -0.004357412275902471 0.005111255058338607 0.6407617023978834 1 1 1 1 1 1 1 1 1 1 1 1
57 627 -0.18321353261215478 -0.010794366573348417 0.005104569318874766 0.6640361230978519 1 1 1 1 1 1 1 1 1 1 1 1
58 638 -0.1752987550451798 -0.0029699421624669264 0.008381710990685711 0.6780529547847844 1 1 1 1 1 1 1 1 1 1 1 1
59 649 -0.16758706047357896 -0.022877549921744532 0.0013668192047126358 0.6940850694441977 1 1 1 1 1 1 1 1 1 1 1 1
60 660 -0.1721279844430229 -0.0030940289221014976 0.002840589579878333 0.7054013403254288 1 1 1 1 1 1 1 1 1 1 1 1
61 671 -0.1865703550088652 -0.0003257111006073588 0.0009183277823021648 0.7211442854683067 1 1 1 1 1 1 1 1 1 1 1 1
62 682 -0.17070915438815273 -0.010380531271136145 0.0006936755535680085 0.7327896723231649 1 1 1 1 1 1 1 1 1 1 1 1
63 693 -0.1722519460071124 -0.0058693245337226125 0.00402380336146887 0.7506908388647585 1 1 1 1 1 1 1 1 1 1 1 1
64 704 -0.19134001154247263 -0.0004909862792687659 6.45087133076248e-05 0.7624911829305586 1 1 1 1 1 1 1 1 1 1 1 1
65 715 -0.19758522186542946 -0.011735898083952352 0.0009373467639537928 0.7730429458702004 1 1 1 1 1 1 1 1 1 1 1 1
66 726 -0.2087790630601565 -0.010852751596151563 0.004877936843168536 0.7863070993894841 1 1 1 1 1 1 1 1 1 1 1 1
67 737 -0.20831137239560701 -0.006889455785769584 0.006117412013140833 0.8254983227140756 1 1 1 1 1 1 1 1 1 1 1 1
68 748 -0.25655864101229175 -0.0009197101590514128 0.00111678484924969 0.8429936191590983 1 1 1 1 1 1 1 1 1 1 1 1
69 759 -0.25777629962259424 -0.00026242275903146453 0.0005822588761264186 0.8516160347640632 1 1 1 1 1 1 1 1 1 1 1 1
70 770 -0.23821412744879789 -0.015679388890704072 0.004240382874837889 0.8622576173729739 1 1 1 1 1 1 1 1 1 1 1 1
71 781 -0.23302613996829027 -0.002202781587816722 0.014202396532802863 0.8708330264415648 1 1 1 1 1 1 1 1 1 1 1 1
72 792 -0.24545549112225445 -0.012808370551632385 0.0015315223958267763 0.8765692864090466 1 1 1 1 1 1 1 1 1 1 1 1
73 803 -0.2584961810639449 -0.004484321730261522 0.0033072948411351486 0.8870521666141772 1 1 1 1 1 1 1 1 1 1 1 1
74 814 -0.21577399521640678 -0.0009463353129002474 0.006842987070991205 0.9021354725020458 1 1 1 1 1 1 1 1 1 1 1 1
75 825 -0.2350762317227596 -0.002016330823272394 0.0007546057002172295 0.9078846350998947 1 1 1 1 1 1 1 1 1 1 1 1
76 836 -0.24764123201832325 -0.005409077805908945 0.0003227921453720177 0.9023740609435387 1 1 1 1 1 1 1 1 1 1 1 1
77 847 -0.2175036706865393 -0.00805876007678617 0.0007870265182181661 0.9023933671170564 1 1 1 1 1 1 1 1 1 1 1 1
78 858 -0.20438014713771882 -0.004265008373436041 0.01035649122397038 0.898941369294514 1 1 1 1 1 1 1 1 1 1 1 1
79 869 -0.17784354227998 -0.0005767843721577079 0.0004091470169779084 0.9037763071388036 1 1 1 1 1 1 1 1 1 1 1 1
80 880 -0.1846089623162436 -0.0020682979311652176 0.004719022438736363 0.9048196477713137 1 1 1 1 1 1 1 1 1 1 1 1
81 891 -0.18053023378059793 -0.001923336633522036 0.0013715596342385636 0.9020063932583715 1 1 1 1 1 1 1 1 1 1 1 1
82 902 -0.18267351055633885 -0.006298590944643113 0.005735181377869955 0.901841915405336 1 1 1 1 1 1 1 1 1 1 1 1
83 913 -0.1872156299505209 -0.007414215697038797 0.0004106203208578157 0.8976081455285199 1 1 1 1 1 1 1 1 1 1 1 1
84 924 -0.18288768773583755 -0.0048943242662056 0.004521245133099569 0.8927278213014422 1 1 1 1 1 1 1 1 1 1 1 1
85 935 -0.17660405849501237 -0.009056391323148305 0.0027718697186257246 0.8939403206701164 1 1 1 1 1 1 1 1 1 1 1 1
86 946 -0.1866497942525735 -0.011173749950571743 0.01425511539470592 0.8908302261567443 1 1 1 1 1 1 1 1 1 1 1 1
87 957 -0.1711995371414607 -0.0041468026321190045 0.003890502699118508 0.8871744850741755 1 1 1 1 1 1 1 1 1 1 1 1
88 968 -0.15369997910796013 -0.003411552571063452 0.0010491211419309447 0.8900780138672832 1 1 1 1 1 1 1 1 1 1 1 1
89 979 -0.133686346572368 -0.004448201053563329 0.001279465724182753 0.8915402325232479 1 1 1 1 1 1 1 1 1 1 1 1
90 990 -0.13798838223519022 -0.0048971655336839314 0.011080367540676516 0.8876863465295745 1 1 1 1 1 1 1 1 1 1 1 1
91 1001 -0.15564250663887166 -0.0027538461195935476 0.006135239401579678 0.8888024872076984 1 1 1 1 1 1 1 1 1 1 1 1
92 1012 -0.15780685462230493 -0.0027972736959857476 0.004292281718366967 0.8844599986891509 1 1 1 1 1 1 1 1 1 1 1 1
93 1023 -0.15044246804363043 -0.00013446724353098594 0.013206696628813835 0.8844183292753565 1 1 1 1 1 1 1 1 1 1 1 1
94 1034 -0.12817077778418917 -0.003974398777897895 0.002837493576178572 0.8866351709272001 1 1 1 1 1 1 1 1 1 1 1 1
95 1045 -0.12615551994510313 -0.006647947985358519 0.00043383746147468286 0.8860977941749927 1 1 1 1 1 1 1 1 1 1 1 1
96 1056 -0.12775423924232698 -0.00472482175079551 0.005023431176150037 0.8856481743474097 1 1 1 1 1 1 1 1 1 1 1 1
97 1067 -0.1180425986500119 -0.013555103364019366 0.008375934799520968 0.8838742369654203 1 1 1 1 1 1 1 1 1 1 1 1
98 1078 -0.13411007796323476 -0.00527544841279233 0.006859227514716228 0.8937543364969173 1 1 1 1 1 1 1 1 1 1 1 1
99 1089 -0.14000905178861353 -0.002247950257444656 0.007281935360015179 0.8954603450701908 1 1 1 1 1 1 1 1 1 1 1 1
100 1100 -0.13948604840768733 -0.008723769538726965 0.018012489250347725 0.8956037386582653 1 1 1 1 1 1 1 1 1 1 1 1
101 1111 -0.14129174041197382 -0.0007552425723689992 0.0009045656597219606 0.8921862678920822 1 1 1 1 1 1 1 1 1 1 1 1
102 1122 -0.1507574531435225 -0.00577104710963301 0.0017150157194755066 0.8933913074901509 1 1 1 1 1 1 1 1 1 1 1 1
103 1133 -0.18297175305616853 -0.0004958159448040756 0.0023785261397730882 0.8938117711991792 1 1 1 1 1 1 1 1 1 1 1 1
104 1144 -0.1744860397544892 -0.0029967400111459777 0.003935769770373133 0.8919013375293849 1 1 1 1 1 1 1 1 1 1 1 1
105 1155 -0.15964789005705882 -0.0044696001597922565 0.005553505048186804 0.8954870659932372 1 1 1 1 1 1 1 1 1 1 1 1
106 1166 -0.1673387265195027 -0.007396377406807511 0.00936599043824702 0.9011683661715375 1 1 1 1 1 1 1 1 1 1 1 1
107 1177 -0.17719333075922897 -0.009907078948281077 0.0006384256203837357 0.8960440908474331 1 1 1 1 1 1 1 1 1 1 1 1
108 1188 -0.19689813843423745 -0.00921840056573255 0.0027840386380780977 0.8956891014343867 1 1 1 1 1 1 1 1 1 1 1 1
109 1199 -0.20104033266940471 -0.010513958968561814 0.009210946189200795 0.8972279017511753 1 1 1 1 1 1 1 1 1 1 1 1
110 1210 -0.20423398304748974 -0.012318833768528468 0.030049329803421756 0.8929942371046828 1 1 1 1 1 1 1 1 1 1 1 1
111 1221 -0.19108002707849117 -0.028077180799022095 0.0077349213533266315 0.8978504593306564 1 1 1 1 1 1 1 1 1 1 1 1
112 1232 -0.18340799112299552 -0.020093200666291187 0.0006274525006710482 0.8878371633558061 1 1 1 1 1 1 1 1 1 1 1 1
113 1243 -0.1882188920208269 -0.003628610720721611 0.0040249187896265635 0.8932422948690711 1 1 1 1 1 1 1 1 1 1 1 1
114 1254 -0.15874210929441282 -0.006567809440940965 0.015227408855335895 0.8917508233259176 1 1 1 1 1 1 1 1 1 1 1 1
115 1265 -0.14612131671704578 -0.013762441161950719 0.006997341748230876 0.8834321417330766 1 1 1 1 1 1 1 1 1 1 1 1
116 1276 -0.1581515311754984 -0.008287775354952766 0.0007197298087216799 0.882667518787553 1 1 1 1 1 1 1 1 1 1 1 1
117 1287 -0.16375321806450707 -0.0070000381322528615 0.020545701339553468 0.8817663558610378 1 1 1 1 1 1 1 1 1 1 1 1
118 1298 -0.15900196677200593 -0.0052955911630258225 0.005935171286507966 0.8841337743539982 1 1 1 1 1 1 1 1 1 1 1 1
119 1309 -0.176184709026134 -0.0016058042464494222 0.002679032320254394 0.8864362615214689 1 1 1 1 1 1 1 1 1 1 1 1
120 1320 -0.16601920181028973 -0.016973373064542267 0.0010557267833144453 0.8873395265384707 1 1 1 1 1 1 1 1 1 1 1 1
121 1331 -0.19162162419295972 -0.001967872518543192 0.0015720895509399697 0.8867011609214295 1 1 1 1 1 1 1 1 1 1 1 1
122 1342 -0.1781071248454387 -0.003943044518909089 0.002770420451045543 0.8845252870425603 1 1 1 1 1 1 1 1 1 1 1 1
123 1353 -0.18057556288620852 -0.00449080414861563 0.0070226945299974265 0.8859480889051489 1 1 1 1 1 1 1 1 1 1 1 1
124 1364 -0.18665968519592124 -0.00040721003374536753 0.01123576577543081 0.891384048863245 1 1 1 1 1 1 1 1 1 1 1 1
125 1375 -0.17007728574891803 -0.00042060167825553837 0.006810057030562904 0.8925086832967141 1 1 1 1 1 1 1 1 1 1 1 1
126 1386 -0.15938374404072592 -0.006373371488585711 0.017294956767074557 0.8977758981025389 1 1 1 1 1 1 1 1 1 1 1 1
127 1397 -0.14085080294543773 -0.0013063733039656018 0.004179416708539444 0.9013571674425275 1 1 1 1 1 1 1 1 1 1 1 1
128 1408 -0.14417980325252913 -0.0017395043961214807 0.004111840021711187 0.9047190235942101 1 1 1 1 1 1 1 1 1 1 1 1
129 1419 -0.15771161521836716 -0.016573648215027197 3.623082807301799e-05 0.90221124256078 1 1 1 1 1 1 1 1 1 1 1 1
130 1430 -0.14945880283965707 -0.004978077678276527 0.00024586767816716867 0.8920377444816046 1 1 1 1 1 1 1 1 1 1 1 1
131 1441 -0.15137754211681154 -0.001274266453837175 0.00325719717838418 0.8938852348939959 1 1 1 1 1 1 1 1 1 1 1 1
132 1452 -0.13217863657959525 -0.004579424271369623 0.0006146844966929059 0.8948522658619397 1 1 1 1 1 1 1 1 1 1 1 1
133 1463 -0.1392436316834478 -0.003394425908910922 0.003140620523164157 0.8973725268869446 1 1 1 1 1 1 1 1 1 1 1 1
134 1474 -0.1344338611155092 -0.002481989093876209 0.002302772257084598 0.897750982542781 1 1 1 1 1 1 1 1 1 1 1 1
135 1485 -0.17977186139310414 -0.002454611107848691 0.004223487268467822 0.8967825881520974 1 1 1 1 1 1 1 1 1 1 1 1
136 1496 -0.18353190701081543 -0.007617596051819894 0.006048844654406868 0.8935724887993656 1 1 1 1 1 1 1 1 1 1 1 1
137 1507 -0.1984359732187743 -0.0014152878814091125 0.0014502177015880816 0.8924794993273247 1 1 1 1 1 1 1 1 1 1 1 1
138 1518 -0.20328895212988934 -0.009923753654430217 0.004010117095036439 0.89165201059183 1 1 1 1 1 1 1 1 1 1 1 1
139 1529 -0.2399972061092651 -0.004056332178266416 0.003377639989259499 0.893012731586498 1 1 1 1 1 1 1 1 1 1 1 1
140 1540 -0.2653422540155896 -0.014240172314228507 0.00572573350264105 0.8844157062976404 1 1 1 1 1 1 1 1 1 1 1 1
141 1551 -0.26602897293422767 -0.00040621258054417597 0.005926901330792458 0.8829295095108194 1 1 1 1 1 1 1 1 1 1 1 1
142 1562 -0.23132091069528413 -0.013562868232024548 0.005529901925815565 0.8814676774940031 1 1 1 1 1 1 1 1 1 1 1 1
143 1573 -0.2063219391443049 -0.004699095224649757 0.006131688108726489 0.8836974196308549 1 1 1 1 1 1 1 1 1 1 1 1
144 1584 -0.2142249479981934 -0.003865521748049711 0.00825468551808322 0.8815192159166646 1 1 1 1 1 1 1 1 1 1 1 1
145 1595 -0.20200391853029362 -0.00784948075255115 0.002411828277496316 0.8846821092438272 1 1 1 1 1 1 1 1 1 1 1 1
146 1606 -0.21022405698228686 -0.0008578059041923146 0.0005355445512908174 0.8867471355059027 1 1 1 1 1 1 1 1 1 1 1 1
147 1617 -0.22670885931249052 -0.012387304194854832 2.108077103496503e-05 0.8874242328383808 1 1 1 1 1 1 1 1 1 1 1 1
148 1628 -0.20340186576523775 -0.002461980404332191 0.007751351404373373 0.8844568313797485 1 1 1 1 1 1 1 1 1 1 1 1
149 1639 -0.21242800933745615 -0.0025261527007958704 0.00021429263985926723 0.8874870657343547 1 1 1 1 1 1 1 1 1 1 1 1
150 1650 -0.21871471788543803 -0.02109636020553316 0.002247572334332878 0.8876491684359643 1 1 1 1 1 1 1 1 1 1 1 1
151 1661 -0.2168613569470205 -0.007485088113991631 0.018890565206642895 0.8917135276881248 1 1 1 1 1 1 1 1 1 1 1 1
152 1672 -0.23890305745179796 -0.019097333440338246 0.00795722632039145 0.8969067231261744 1 1 1 1 1 1 1 1 1 1 1 1
153 1683 -0.2630959597464422 -0.02032944648329462 0.00026316098317901457 0.8998121882804427 1 1 1 1 1 1 1 1 1 1 1 1
154 1694 -0.24668142031706972 -0.00861743649379116 0.020199926234516948 0.8996125683753854 1 1 1 1 1 1 1 1 1 1 1 1
155 1705 -0.2610013012127449 -0.01035623874411343 0.002499345487231114 0.9030664888622425 1 1 1 1 1 1 1 1 1 1 1 1
156 1716 -0.25048998702879016 -0.00903880474046056 0.000849299383298342 0.9035492825951847 1 1 1 1 1 1 1 1 1 1 1 1
157 1727 -0.27803907032660846 -0.002169401660457167 0.014208945008069315 0.9021038729483473 1 1 1 1 1 1 1 1 1 1 1 1
158 1738 -0.26992930900039525 -0.017550851036029186 0.0014038808076437094 0.9021007379999252 1 1 1 1 1 1 1 1 1 1 1 1
159 1749 -0.2520393791929685 -0.001278313024729023 0.0019134953031390127 0.8950059730861992 1 1 1 1 1 1 1 1 1 1 1 1
160 1760 -0.24107176041262252 -0.006118684498560062 0.020534063937947194 0.8929400285151942 1 1 1 1 1 1 1 1 1 1 1 1
161 1771 -0.25701936992312047 -0.019920572873267692 0.0072412566617501345 0.8961484979662113 1 1 1 1 1 1 1 1 1 1 1 1
162 1782 -0.22594102385518755 -0.013994468332735478 0.02522091303937363 0.9000899927722571 1 1 1 1 1 1 1 1 1 1 1 1
163 1793 -0.2355388359308285 -0.02369598014152209 0.001103890697818191 0.8963408299467667 1 1 1 1 1 1 1 1 1 1 1 1
164 1804 -0.23286776448990804 -0.005459067660234211 0.024223272854309537 0.8996020276814407 1 1 1 1 1 1 1 1 1 1 1 1
165 1815 -0.23452666474565878 -0.002339950780704334 0.010667961571314395 0.9006752962738457 1 1 1 1 1 1 1 1 1 1 1 1
166 1826 -0.275552460518662 -0.009515597665432614 0.0029024733716406514 0.9000828811999394 1 1 1 1 1 1 1 1 1 1 1 1
167 1837 -0.25512521060923843 -0.008686357274306796 0.014685052021246587 0.9025983047253323 1 1 1 1 1 1 1 1 1 1 1 1
168 1848 -0.21806655979427544 -0.020022832729197387 0.0010724176746349195 0.898192783160621 1 1 1 1 1 1 1 1 1 1 1 1
169 1859 -0.22593181258939407 -0.00342958269174459 0.009698730920004835 0.8986747184616054 1 1 1 1 1 1 1 1 1 1 1 1
170 1870 -0.2190842884025852 -0.0025317520278413056 4.4898322119001736e-05 0.8988654086422432 1 1 1 1 1 1 1 1 1 1 1 1
171 1881 -0.22679045389806798 -0.01478044383114311 0.0009232998741024823 0.9005126484553481 1 1 1 1 1 1 1 1 1 1 1 1
172 1892 -0.23308616272299887 -0.003676538547581943 0.005317925186325695 0.8953523134911017 1 1 1 1 1 1 1 1 1 1 1 1
173 1903 -0.22457835933054904 -0.03453421722033808 0.004115016823220983 0.8966800387660091 1 1 1 1 1 1 1 1 1 1 1 1
174 1914 -0.20956938599275315 -0.010041788069741604 0.006081957712293744 0.897776814302249 1 1 1 1 1 1 1 1 1 1 1 1
175 1925 -0.21006545970856494 -0.00313921987493178 0.008783741892218259 0.8951366708077806 1 1 1 1 1 1 1 1 1 1 1 1
176 1936 -0.21977382105741872 -0.008696852141375984 0.0052908080276582664 0.8900107670762782 1 1 1 1 1 1 1 1 1 1 1 1
177 1947 -0.18615503707978379 -0.013386065664147368 0.013296747654637548 0.8969295809857281 1 1 1 1 1 1 1 1 1 1 1 1
178 1958 -0.20444980564677098 -0.0076173989719508315 0.005502107883166357 0.8918723013293808 1 1 1 1 1 1 1 1 1 1 1 1
179 1969 -0.20689061149899432 -0.015613249152973832 0.013774389068420066 0.8923654592496665 1 1 1 1 1 1 1 1 1 1 1 1
180 1980 -0.19378993772323339 -0.01136848706856533 0.01811594930445845 0.8904561102300832 1 1 1 1 1 1 1 1 1 1 1 1
181 1991 -0.196834657333778 -0.007769968764215877 0.00660938448460185 0.8906726667375323 1 1 1 1 1 1 1 1 1 1 1 1
182 2002 -0.2258456191931944 -0.002202919681130154 0.023059772580989478 0.8984143833743289 1 1 1 1 1 1 1 1 1 1 1 1
183 2013 -0.2141680650042272 -0.020988147572067663 0.0031384673073280136 0.8915364121367868 1 1 1 1 1 1 1 1 1 1 1 1
184 2024 -0.2243682031715843 -0.0341217442368366 0.001537916742520774 0.889991340261447 1 1 1 1 1 1 1 1 1 1 1 1
185 2035 -0.27267925377869373 -0.031135915654710324 0.0006780245426830988 0.8933667169319643 1 1 1 1 1 1 1 1 1 1 1 1
186 2046 -0.28295288429773097 -0.0012165104271735568 0.019384170352901145 0.895776164629846 1 1 1 1 1 1 1 1 1 1 1 1
187 2057 -0.265250754160644 -0.006842647614593578 0.0031114544684669354 0.8960889337172324 1 1 1 1 1 1 1 1 1 1 1 1
188 2068 -0.3008483759212413 -0.004020772687937489 0.0048805554197985 0.9002136978181358 1 1 1 1 1 1 1 1 1 1 1 1
189 2079 -0.27598096380691245 -0.04333844414426094 2.6839687868003553e-05 0.9046153672577717 1 1 1 1 1 1 1 1 1 1 1 1
190 2090 -0.2585662367926926 -0.004827778553184701 0.012128859718299884 0.9091830704040205 1 1 1 1 1 1 1 1 1 1 1 1
191 2101 -0.24242666480380085 -0.007489390658429973 0.0007132616421414864 0.9088293767166776 1 1 1 1 1 1 1 1 1 1 1 1
192 2112 -0.21083507580462799 -0.0006406825775079794 0.010204350738015993 0.9095585979977616 1 1 1 1 1 1 1 1 1 1 1 1
193 2123 -0.17065341244966445 -0.002990714469148072 0.009966776912611965 0.8999218646293949 1 1 1 1 1 1 1 1 1 1 1 1
194 2134 -0.16853928738383184 -9.256949130198224e-05 0.011639742001884593 0.9042610053400976 1 1 1 1 1 1 1 1 1 1 1 1
195 2145 -0.1599356134227256 -0.001228384389179256 0.00409988330215638 0.903172571637775 1 1 1 1 1 1 1 1 1 1 1 1
196 2156 -0.14298165369982613 -0.00792784864370319 0.003917796874844299 0.9035184840070597 1 1 1 1 1 1 1 1 1 1 1 1
197 2167 -0.15074674598116153 -0.0058926671562545205 0.005857871363785317 0.904398258268745 1 1 1 1 1 1 1 1 1 1 1 1
198 2178 -0.14983708518502617 -0.008705161500185186 0.012058664840623104 0.9016072900715498 1 1 1 1 1 1 1 1 1 1 1 1
199 2189 -0.15372656126346163 -0.0007673721037104593 0.0038571951520928686 0.8975518842035456 1 1 1 1 1 1 1 1 1 1 1 1
200 2200 -0.18183785452387108 -9.951150984791118e-05 0.014192002004023803 0.8962063241744209 1 1 1 1 1 1 1 1 1 1 1 1
201 2211 -0.1714148729226951 -0.00225069749184884 0.025989339377346724 0.8965276405136882 1 1 1 1 1 1 1 1 1 1 1 1
202 2222 -0.17975436280582918 -0.0034653139435279457 0.013022622171726167 0.8953997506469906 1 1 1 1 1 1 1 1 1 1 1 1
203 2233 -0.2051937102369673 -0.0036474184561413065 0.003036299730237668 0.8949513918830215 1 1 1 1 1 1 1 1 1 1 1 1
204 2244 -0.22230740087568193 -0.010902163014186481 0.018468385407625056 0.8910856719031982 1 1 1 1 1 1 1 1 1 1 1 1
205 2255 -0.2539518136431794 -0.02188331141180677 0.006090632115172875 0.8862727002967558 1 1 1 1 1 1 1 1 1 1 1 1
206 2266 -0.24269060057968259 -0.020450583947088423 0.007075889605976407 0.8894962859094947 1 1 1 1 1 1 1 1 1 1 1 1
207 2277 -0.22568361707502732 -0.0040446366124612 0.003016421386868355 0.8933432658210899 1 1 1 1 1 1 1 1 1 1 1 1
208 2288 -0.20249294795308215 -0.015364001581272536 0.009143328684437381 0.8985048020639812 1 1 1 1 1 1 1 1 1 1 1 1
209 2299 -0.2088604284104986 -0.008698558867880835 0.006102532482753337 0.9029324973412545 1 1 1 1 1 1 1 1 1 1 1 1
210 2310 -0.17732008331882204 -0.005815757900995073 0.009832227111964817 0.8968347240600586 1 1 1 1 1 1 1 1 1 1 1 1
211 2321 -0.18184159135034922 -0.006127691513463955 0.0029268811940088035 0.8928302561595315 1 1 1 1 1 1 1 1 1 1 1 1
212 2332 -0.186153322680337 -0.0005434290321638484 0.005868612469328404 0.8825595481847442 1 1 1 1 1 1 1 1 1 1 1 1
213 2343 -0.1591909626454752 -0.004584854246427882 0.0010889186964592888 0.8833171722471829 1 1 1 1 1 1 1 1 1 1 1 1
214 2354 -0.15197188904973477 -0.0036335129853430543 0.0034201163814087604 0.883759168873186 1 1 1 1 1 1 1 1 1 1 1 1
215 2365 -0.1399808786842571 -0.006276490612890803 0.013250974637822962 0.8804667098458633 1 1 1 1 1 1 1 1 1 1 1 1
216 2376 -0.16677485931103828 -0.008806983241300935 0.015130917292901554 0.8770107377982596 1 1 1 1 1 1 1 1 1 1 1 1
217 2387 -0.16833846758508933 -0.02068402853347277 0.0018567218370030216 0.8717528809291375 1 1 1 1 1 1 1 1 1 1 1 1
218 2398 -0.17893668355580028 -0.005404316611207784 0.008049668086414847 0.8691042439061438 1 1 1 1 1 1 1 1 1 1 1 1
219 2409 -0.1838894507189891 -0.002584388193778756 0.012084800354137478 0.8702112830027031 1 1 1 1 1 1 1 1 1 1 1 1
220 2420 -0.23211783793151164 -0.001472878825564645 0.007941462282840704 0.8741250382025167 1 1 1 1 1 1 1 1 1 1 1 1
221 2431 -0.2101707006990075 -0.0005172137758661007 0.0019378461568430457 0.8737952337029037 1 1 1 1 1 1 1 1 1 1 1 1
222 2442 -0.20252772200382932 -0.004463107708450978 0.0069464639439267215 0.8776783487106327 1 1 1 1 1 1 1 1 1 1 1 1
223 2453 -0.21142697003582883 -0.0027679054343333594 0.002554534999185136 0.8786266128174353 1 1 1 1 1 1 1 1 1 1 1 1
224 2464 -0.19300406273643445 -0.0044997678465283335 0.01259890635823656 0.877622301994772 1 1 1 1 1 1 1 1 1 1 1 1
225 2475 -0.19474713217180292 -0.016193101433432493 0.0021077203515571345 0.8810657408002817 1 1 1 1 1 1 1 1 1 1 1 1
226 2486 -0.18310398608325504 -0.03273425139889508 0.002294237797969767 0.8824262249756725 1 1 1 1 1 1 1 1 1 1 1 1
227 2497 -0.19079174561617127 -0.015057904935698663 0.0001207980796001134 0.8881056230297402 1 1 1 1 1 1 1 1 1 1 1 1
228 2508 -0.2062210837556171 -0.007065176561147924 0.0016118569890587794 0.8780425638088662 1 1 1 1 1 1 1 1 1 1 1 1
229 2519 -0.20229234247758734 -0.028526938292947536 0.020945920122610363 0.8786784608869709 1 1 1 1 1 1 1 1 1 1 1 1
230 2530 -0.1902500208628824 -0.02064821986567612 0.00024171936043782417 0.8796494927253866 1 1 1 1 1 1 1 1 1 1 1 1
231 2541 -0.1828395696013562 -0.0025617235148804917 0.0014101871374386514 0.8816852231963944 1 1 1 1 1 1 1 1 1 1 1 1
232 2552 -0.17213768325929638 -0.005449007287944757 0.0054934237415918945 0.885483381522459 1 1 1 1 1 1 1 1 1 1 1 1
233 2563 -0.15507809762863894 -0.002714985499368657 0.009466557921058756 0.8842871767445137 1 1 1 1 1 1 1 1 1 1 1 1
234 2574 -0.1398380969332604 -0.008731011332416263 0.009326259729073198 0.8859617817779464 1 1 1 1 1 1 1 1 1 1 1 1
235 2585 -0.15901801666292245 -0.000322805400155882 0.002985278865823365 0.8882840499938603 1 1 1 1 1 1 1 1 1 1 1 1
236 2596 -0.19526278503737415 -0.007959039128297655 0.0012007730114557526 0.8968136069383897 1 1 1 1 1 1 1 1 1 1 1 1
237 2607 -0.16206577644797834 -0.005868195053174747 0.003960386452463864 0.8977017971775331 1 1 1 1 1 1 1 1 1 1 1 1
238 2618 -0.15026364751587085 -0.007013578083849917 0.0032729949147428557 0.9009532509611813 1 1 1 1 1 1 1 1 1 1 1 1
239 2629 -0.16595695815400385 -0.003245133875167384 0.017639735607069204 0.9034170337260976 1 1 1 1 1 1 1 1 1 1 1 1
240 2640 -0.1805917590040596 -0.0026348507617541856 0.023537584102621006 0.9048085650646451 1 1 1 1 1 1 1 1 1 1 1 1
241 2651 -0.18258688307830126 -0.028481607641405584 0.010469874268106406 0.9045001431114479 1 1 1 1 1 1 1 1 1 1 1 1
242 2662 -0.17351760012007098 -0.04047894263215826 0.001601757450825907 0.9009380272158853 1 1 1 1 1 1 1 1 1 1 1 1
243 2673 -0.15946847810295822 -0.0002857757636499003 0.033598678400401955 0.9013095245643221 1 1 1 1 1 1 1 1 1 1 1 1
244 2684 -0.14542143982046074 -0.002269059780119114 0.0007206947313137372 0.9016491180192474 1 1 1 1 1 1 1 1 1 1 1 1
245 2695 -0.13822927080061467 -0.001333045543862064 0.008636177436736593 0.9019672350003561 1 1 1 1 1 1 1 1 1 1 1 1
246 2706 -0.12680840966768178 -0.005064445627684178 0.003189404096573853 0.9038339470413823 1 1 1 1 1 1 1 1 1 1 1 1
247 2717 -0.11906857649782006 -0.0034978542158013307 0.007965058098174469 0.9035480084924836 1 1 1 1 1 1 1 1 1 1 1 1
248 2728 -0.11261964554534991 -0.008105399915750516 0.022251529035511995 0.9090385643483447 1 1 1 1 1 1 1 1 1 1 1 1
249 2739 -0.1114057280539509 -0.021040323142252407 0.009403393009575989 0.9064775321898103 1 1 1 1 1 1 1 1 1 1 1 1
250 2750 -0.10434045057043789 -0.0065789876952999544 0.0154206365845228 0.9057182761920537 1 1 1 1 1 1 1 1 1 1 1 1
251 2761 -0.10719925122523644 -0.0004919185592993779 0.0060395826359933335 0.9026522495177454 1 1 1 1 1 1 1 1 1 1 1 1
252 2772 -0.10842028752747239 -0.0017926651578710527 0.017543500891439127 0.8983451660747183 1 1 1 1 1 1 1 1 1 1 1 1
253 2783 -0.0887383110307252 -0.01884913183069869 0.005323566565825287 0.8995818493084446 1 1 1 1 1 1 1 1 1 1 1 1
254 2794 -0.11392770563548213 -0.013014251157798267 0.01808381651532425 0.8996957028012229 1 1 1 1 1 1 1 1 1 1 1 1
255 2805 -0.12133397658431068 -0.0024466226074173923 0.0037452219674425115 0.9012395976885451 1 1 1 1 1 1 1 1 1 1 1 1
256 2816 -0.11738962291216452 -0.02003742873803804 0.005648066511523309 0.8955435599461443 1 1 1 1 1 1 1 1 1 1 1 1
257 2827 -0.12513926248882687 -0.013130411039221364 0.02156407188637363 0.8963070004616676 1 1 1 1 1 1 1 1 1 1 1 1
258 2838 -0.1317920545761699 -0.011468964283820191 0.025129957324393343 0.8995185227617496 1 1 1 1 1 1 1 1 1 1 1 1
259 2849 -0.1222419915017762 -0.019764891737807988 0.031105042498099932 0.9043925023059055 1 1 1 1 1 1 1 1 1 1 1 1
260 2860 -0.13115088414334744 -0.006133631766090733 0.0004302493651761488 0.9002979122944466 1 1 1 1 1 1 1 1 1 1 1 1
261 2871 -0.11716339300652039 -0.008308524400062797 0.003867139650144279 0.8947168222716015 1 1 1 1 1 1 1 1 1 1 1 1
262 2882 -0.10642338069910023 -0.004386357165971459 0.0016565586231828034 0.8913656920014625 1 1 1 1 1 1 1 1 1 1 1 1
263 2893 -0.10787112106606742 -0.011379788620763302 0.011748383247165138 0.8920089198820251 1 1 1 1 1 1 1 1 1 1 1 1
264 2904 -0.13464487466345057 -0.009307617656643365 0.003755589850908248 0.8963626367650609 1 1 1 1 1 1 1 1 1 1 1 1
265 2915 -0.14898663573302917 -0.0005178217545155885 0.002359600951236957 0.8916468965986145 1 1 1 1 1 1 1 1 1 1 1 1
266 2926 -0.1689951808752926 -0.005725685823627559 0.07682865691234883 0.8868332589933552 1 1 1 1 1 1 1 1 1 1 1 1
267 2937 -0.18037626287250605 -0.0034831061057058153 0.08358054934685899 0.8850628366795413 1 1 1 1 1 1 1 1 1 1 1 1
268 2948 -0.16957852189875028 -0.013901451434515306 0.08335236288340056 0.8879913921012235 1 1 1 1 1 1 1 1 1 1 1 1
269 2959 -0.13752490278865964 -0.006614109183116376 0.018256164096201594 0.8940998358501554 1 1 1 1 1 1 1 1 1 1 1 1
270 2970 -0.14457181117020526 -0.009732885679353627 0.00931008750822875 0.8934365895347136 1 1 1 1 1 1 1 1 1 1 1 1
271 2981 -0.17589451990847327 -0.014062324709170853 0.019684654965280882 0.8868480137791014 1 1 1 1 1 1 1 1 1 1 1 1
272 2992 -0.20090468244044898 -0.00197631483616505 0.0033803000020052464 0.8832924505007681 1 1 1 1 1 1 1 1 1 1 1 1
273 3003 -0.17779888351281978 -0.005271389440022976 0.007420850297103522 0.8810027056101424 1 1 1 1 1 1 1 1 1 1 1 1
274 3014 -0.14499975525459177 -0.004847272707470715 0.0025718177006050173 0.8811094465516575 1 1 1 1 1 1 1 1 1 1 1 1
275 3025 -0.1747473481997671 -0.009142528080390963 0.0028344121359293296 0.8838091240788608 1 1 1 1 1 1 1 1 1 1 1 1
276 3036 -0.18762964570142499 -0.0007952657278950537 0.007584943073980568 0.8788999256936978 1 1 1 1 1 1 1 1 1 1 1 1
277 3047 -0.2534710346152762 -0.0073850356798409325 0.010459022440913148 0.8808470535600498 1 1 1 1 1 1 1 1 1 1 1 1
278 3058 -0.25279323088079997 -0.010919856915441395 0.002731756000680101 0.8736143662692446 1 1 1 1 1 1 1 1 1 1 1 1
279 3069 -0.258163927899497 -0.012804547288646474 0.002585404343432716 0.8804962384157684 1 1 1 1 1 1 1 1 1 1 1 1
280 3080 -0.24139724048120292 -0.012613911590558134 0.0006854359316939206 0.8825872298717349 1 1 1 1 1 1 1 1 1 1 1 1
281 3091 -0.28727425201945084 -0.005490342028299462 0.0038327105181428294 0.8815335169364139 1 1 1 1 1 1 1 1 1 1 1 1
282 3102 -0.2904006627902282 -0.001991795350101098 0.0010429981179815502 0.8751124421314933 1 1 1 1 1 1 1 1 1 1 1 1
283 3113 -0.29386490515798547 -0.000588570656365468 0.014701942808208681 0.8740166969520602 1 1 1 1 1 1 1 1 1 1 1 1
284 3124 -0.3126013521857265 -0.0011906838507099048 0.005043463158807616 0.8728202276005087 1 1 1 1 1 1 1 1 1 1 1 1
285 3135 -0.29538184873924966 -0.010812519849794719 0.004206915089241296 0.8717863356844013 1 1 1 1 1 1 1 1 1 1 1 1
286 3146 -0.309498357185122 -0.016259037094184695 0.004573194286183104 0.8694403611044507 1 1 1 1 1 1 1 1 1 1 1 1
287 3157 -0.2942479538592865 -0.0019390957000714497 0.020746196637322443 0.8676980500670259 1 1 1 1 1 1 1 1 1 1 1 1
288 3168 -0.28239654700916633 -0.0017648795964088338 0.03279973473701941 0.8616377399141025 1 1 1 1 1 1 1 1 1 1 1 1
289 3179 -0.2963734367412279 -0.0014865577056028538 0.011255436227187781 0.8574640383388308 1 1 1 1 1 1 1 1 1 1 1 1
290 3190 -0.31375891207689777 -0.003685269583924371 0.004268392597373481 0.8580085871935796 1 1 1 1 1 1 1 1 1 1 1 1
291 3201 -0.3102408831364323 -0.0013353770783231657 0.01714480383807956 0.8698379003495043 1 1 1 1 1 1 1 1 1 1 1 1
292 3212 -0.3035572383310315 -0.006956600346158578 0.008286879523515641 0.8703802987891738 1 1 1 1 1 1 1 1 1 1 1 1
293 3223 -0.31416400260911853 -0.008794870374783244 5.938366474400993e-05 0.8705933253117726 1 1 1 1 1 1 1 1 1 1 1 1
294 3234 -0.31927080951736647 -0.009521563744112236 0.004405050931037285 0.8736744594553384 1 1 1 1 1 1 1 1 1 1 1 1
295 3245 -0.2963753812781536 -0.01339692824352168 0.010949809175963943 0.8770635427295378 1 1 1 1 1 1 1 1 1 1 1 1
296 3256 -0.27695939711984197 -0.010641812996474254 0.00541754100042953 0.884228132483317 1 1 1 1 1 1 1 1 1 1 1 1
297 3267 -0.27270472316528493 -0.022260230364439856 0.004219517740945665 0.8855621119040523 1 1 1 1 1 1 1 1 1 1 1 1
298 3278 -0.27391409889834273 -0.018682132644398976 0.006553657531337602 0.8849116636631238 1 1 1 1 1 1 1 1 1 1 1 1
299 3289 -0.22696680959094523 -0.027443821218623817 0.00022450579265614426 0.8781043223236962 1 1 1 1 1 1 1 1 1 1 1 1
300 3300 -0.2378070091220929 -0.007832172454689338 0.01382565905107175 0.885381465060444 1 1 1 1 1 1 1 1 1 1 1 1
301 3311 -0.23285361984397207 -0.03621509184654969 0.005002313713233514 0.8819937890755682 1 1 1 1 1 1 1 1 1 1 1 1
302 3322 -0.22552647471691425 -0.008501985538019789 0.02903765183255026 0.8833329575098507 1 1 1 1 1 1 1 1 1 1 1 1
303 3333 -0.24349288551178708 -0.025504438832014538 0.03187825801671616 0.8786834947725193 1 1 1 1 1 1 1 1 1 1 1 1
304 3344 -0.23983149783681143 -0.02638856249734133 0.022073741218269043 0.8792511864547472 1 1 1 1 1 1 1 1 1 1 1 1
305 3355 -0.21773923357172106 -0.017901716200678344 0.026261385640757043 0.8821049499804258 1 1 1 1 1 1 1 1 1 1 1 1
306 3366 -0.23728282120564875 -0.0019109130246146462 0.027680207136665858 0.8820665498278273 1 1 1 1 1 1 1 1 1 1 1 1
307 3377 -0.23380115290481973 -0.004761702082957736 0.022919078562359422 0.8835764567929237 1 1 1 1 1 1 1 1 1 1 1 1
308 3388 -0.2928141089700279 -0.015402028000582279 0.013266805423604075 0.8868695543951916 1 1 1 1 1 1 1 1 1 1 1 1
309 3399 -0.28744164168289593 -0.03215542554304683 0.00889227618067964 0.8865286069741918 1 1 1 1 1 1 1 1 1 1 1 1
310 3410 -0.26813920908539596 -0.003244372786230335 0.01584438053714636 0.8884116793436517 1 1 1 1 1 1 1 1 1 1 1 1
311 3421 -0.2705832370863163 -0.00423323983948261 0.0033598911197131355 0.8918492684376986 1 1 1 1 1 1 1 1 1 1 1 1
312 3432 -0.28506322447077365 -0.02496483498403901 0.01700855886833026 0.8983127414540435 1 1 1 1 1 1 1 1 1 1 1 1
313 3443 -0.25732725937353595 -0.026171858710379886 0.03181880858828575 0.8945095641423984 1 1 1 1 1 1 1 1 1 1 1 1
314 3454 -0.2434629505604937 -0.026227071780224168 0.036619014287059465 0.8929302543279944 1 1 1 1 1 1 1 1 1 1 1 1
315 3465 -0.24699190817235325 -0.031758193907230586 0.022456042044304767 0.893487855549606 1 1 1 1 1 1 1 1 1 1 1 1
316 3476 -0.207916302848323 -0.017317113251993817 0.003300218707951741 0.8956251203929666 1 1 1 1 1 1 1 1 1 1 1 1
317 3487 -0.17384822780122633 -0.026870625416589942 0.0018615928225919978 0.8913401838688614 1 1 1 1 1 1 1 1 1 1 1 1
318 3498 -0.13421537214875556 -0.012914485482962167 0.005041412264898204 0.8946680911179309 1 1 1 1 1 1 1 1 1 1 1 1
319 3509 -0.14111199644934921 -0.0358956314063613 0.011778972170641222 0.8956086323611573 1 1 1 1 1 1 1 1 1 1 1 1
320 3520 -0.17199018783994874 -0.04198122062080254 0.02373866945261592 0.8835359961994196 1 1 1 1 1 1 1 1 1 1 1 1
321 3531 -0.1956700796455783 -0.034046315401496344 0.015809839079085494 0.8807212527086311 1 1 1 1 1 1 1 1 1 1 1 1
322 3542 -0.1945109336745417 -0.001390137860500446 0.009694047889265206 0.8743879092552727 1 1 1 1 1 1 1 1 1 1 1 1
323 3553 -0.20345084532413804 -0.014709102390489708 0.007873648380450482 0.8708846779019522 1 1 1 1 1 1 1 1 1 1 1 1
324 3564 -0.22735541355578703 -0.00031414089083789864 0.0015491368743735107 0.8742684967132285 1 1 1 1 1 1 1 1 1 1 1 1
325 3575 -0.19915406500194244 -3.8874830005372504e-05 0.014329114729228138 0.8696443081071781 1 1 1 1 1 1 1 1 1 1 1 1
326 3586 -0.20985536695012358 -0.003214196734512614 0.01800920297729279 0.8722380809792546 1 1 1 1 1 1 1 1 1 1 1 1
327 3597 -0.20658003496281355 -0.0006015924077658716 0.006938294585173836 0.8710186520157858 1 1 1 1 1 1 1 1 1 1 1 1
328 3608 -0.21563728514608402 -0.004197931055061606 0.011407520725615898 0.8723613057550217 1 1 1 1 1 1 1 1 1 1 1 1
329 3619 -0.20920177948849877 -0.008333485565902528 0.017932757123743218 0.8757292271219709 1 1 1 1 1 1 1 1 1 1 1 1
330 3630 -0.18222133146795147 -0.0008484760823144312 0.006988715936534273 0.8754197534128698 1 1 1 1 1 1 1 1 1 1 1 1
331 3641 -0.19627669717790677 -0.01882372437785439 0.005144651263021105 0.8800793473234729 1 1 1 1 1 1 1 1 1 1 1 1
332 3652 -0.23076118893783165 -0.0019867971826678776 0.015456666931317267 0.8863811799839205 1 1 1 1 1 1 1 1 1 1 1 1
333 3663 -0.1890807118112285 -0.025757376795555106 0.002497594699798372 0.8804942702948686 1 1 1 1 1 1 1 1 1 1 1 1
334 3674 -0.20083140342891528 -0.0120782887490949 0.004235769741356227 0.8782318203618833 1 1 1 1 1 1 1 1 1 1 1 1
335 3685 -0.20990563973238524 -0.008941446856887966 0.01186256040998779 0.8767934189983524 1 1 1 1 1 1 1 1 1 1 1 1
336 3696 -0.22941957970917629 -0.019296867876285262 0.004674549509123476 0.8818020379782414 1 1 1 1 1 1 1 1 1 1 1 1
337 3707 -0.24579399061189586 -0.0198361776497893 0.00952164021481605 0.887960436326935 1 1 1 1 1 1 1 1 1 1 1 1
338 3718 -0.3004256814937785 -0.01064026526300045 0.02141320715955627 0.8944454423236734 1 1 1 1 1 1 1 1 1 1 1 1
339 3729 -0.35120362169574604 -0.010154155654133624 0.004317275327955923 0.8953756590075078 1 1 1 1 1 1 1 1 1 1 1 1
340 3740 -0.3739676405672243 -0.002055526637953272 0.021655343502033478 0.8989021851591765 1 1 1 1 1 1 1 1 1 1 1 1
341 3751 -0.3778856726302199 -0.0011107929707697812 0.002722424605344316 0.8979760797652483 1 1 1 1 1 1 1 1 1 1 1 1
342 3762 -0.3486226874997056 -0.002410933056921016 0.018783589307230213 0.8987829326358484 1 1 1 1 1 1 1 1 1 1 1 1
343 3773 -0.29591392142085465 -0.00709146517058864 0.007934600851295711 0.8954983686843051 1 1 1 1 1 1 1 1 1 1 1 1
344 3784 -0.30273541684535155 -0.015628936142007315 0.009752108574059351 0.8988526783889658 1 1 1 1 1 1 1 1 1 1 1 1
345 3795 -0.3168191986561639 -0.020361508944065243 0.00012364359446155357 0.9028038314804572 1 1 1 1 1 1 1 1 1 1 1 1
346 3806 -0.32991701558910447 -0.02022131468995894 0.008335906409929233 0.9027255557898746 1 1 1 1 1 1 1 1 1 1 1 1
347 3817 -0.2925414484297425 -0.018112228924070193 0.019882495221656787 0.8984499516065708 1 1 1 1 1 1 1 1 1 1 1 1
348 3828 -0.2716594350228422 -0.014442082280781757 0.005813119780972583 0.898101357163435 1 1 1 1 1 1 1 1 1 1 1 1
349 3839 -0.2649769555527701 -0.004036430385421958 0.005477603617600953 0.8896490439197042 1 1 1 1 1 1 1 1 1 1 1 1
350 3850 -0.22025835076123415 -0.008169651962565869 0.0055104249925241695 0.8972513634278523 1 1 1 1 1 1 1 1 1 1 1 1
351 3861 -0.15806989673734936 -0.02273728089915394 0.0004906597382469385 0.8983151871383868 1 1 1 1 1 1 1 1 1 1 1 1
352 3872 -0.10122492636182884 -0.004436893022373316 0.0035800109327784467 0.9053502860427488 1 1 1 1 1 1 1 1 1 1 1 1
353 3883 -0.08922073504085448 -0.004524510941309548 0.012966957694720579 0.9085157579435262 1 1 1 1 1 1 1 1 1 1 1 1
354 3894 -0.1175017010051173 -0.01576668340277535 0.0004972333284240769 0.9126310886740205 1 1 1 1 1 1 1 1 1 1 1 1
355 3905 -0.11141645648966134 -0.014438673177126774 0.0016910343585920158 0.9159597768169896 1 1 1 1 1 1 1 1 1 1 1 1
356 3916 -0.09903283901900894 -0.004520559237271085 0.003325012895274334 0.9107906095307059 1 1 1 1 1 1 1 1 1 1 1 1
357 3927 -0.11018978059983067 -0.005947681854303264 0.01071935752417076 0.9119193454079484 1 1 1 1 1 1 1 1 1 1 1 1
358 3938 -0.1020542616319723 -0.00785210760656323 0.014665958006441498 0.9059667261831368 1 1 1 1 1 1 1 1 1 1 1 1
359 3949 -0.07292891851777948 -0.008232580457965693 0.0015688014480956252 0.906208128494065 1 1 1 1 1 1 1 1 1 1 1 1
360 3960 -0.04457980668821915 -0.004817394080888757 0.0019662864317529587 0.8982757749410725 1 1 1 1 1 1 1 1 1 1 1 1
361 3971 -0.03059007378870477 -0.008754145212611992 0.0074970053780814986 0.9009735645478913 1 1 1 1 1 1 1 1 1 1 1 1
362 3982 -0.0389672133418934 -0.017038424919024252 3.6629992394259344e-05 0.900064115272545 1 1 1 1 1 1 1 1 1 1 1 1
363 3993 -0.056896710542160805 -0.0018565875704521586 0.0030425809919258076 0.898005820248124 1 1 1 1 1 1 1 1 1 1 1 1
364 4004 -0.0603162446139091 -0.016173110358460738 0.004375792499259909 0.8942111895891691 1 1 1 1 1 1 1 1 1 1 1 1
365 4015 -0.05622783898586404 -0.05622783898586404 0.017959328663617272 0.8893563947618742 1 1 1 1 1 1 1 1 1 1 1 1
366 4026 -0.053582374488855826 -0.02066520925359708 0.006943495045107256 0.8955261235728438 1 1 1 1 1 1 1 1 1 1 1 1
367 4037 -0.05628429280482962 -0.024719731532150662 0.00493811362671737 0.8959373643760431 1 1 1 1 1 1 1 1 1 1 1 1
368 4048 -0.06103757876876374 -0.005573130271481136 0.0007038051482681013 0.8958602979374528 1 1 1 1 1 1 1 1 1 1 1 1
369 4059 -0.07589719338624362 -0.001682000021100745 0.009490411007716398 0.8998718489692119 1 1 1 1 1 1 1 1 1 1 1 1
370 4070 -0.08738320279178471 -0.008198656556544939 0.007291702812273219 0.9045626804646574 1 1 1 1 1 1 1 1 1 1 1 1
371 4081 -0.09443859168096011 -0.0005790513206293815 0.003142998987940751 0.9063569459878756 1 1 1 1 1 1 1 1 1 1 1 1
372 4092 -0.07265859499117269 -0.017237871575938958 0.012526683331586798 0.9073501002391304 1 1 1 1 1 1 1 1 1 1 1 1
373 4103 -0.0887970757165461 -0.015900444768070475 0.0003032096193762966 0.9081321793381393 1 1 1 1 1 1 1 1 1 1 1 1
374 4114 -0.08237517531204797 -0.008997565996819664 0.0019191818940665463 0.9066885647765479 1 1 1 1 1 1 1 1 1 1 1 1
375 4125 -0.05406933809347518 -0.0037459922555191164 0.0007859543874588443 0.9060259023880274 1 1 1 1 1 1 1 1 1 1 1 1
376 4136 -0.04076768126660257 -0.002597798848539004 0.0034486250426093833 0.8997059729807533 1 1 1 1 1 1 1 1 1 1 1 1
377 4147 -0.046620480299664 -0.013223865274174074 0.002546671880356872 0.9006980928113502 1 1 1 1 1 1 1 1 1 1 1 1
378 4158 -0.018218254787933867 -0.011890104804488197 0.004770632512678669 0.9056939151030766 1 1 1 1 1 1 1 1 1 1 1 1
379 4169 -0.009352423922142274 -0.009352423922142274 0.009581676273970201 0.9077870069098551 1 1 1 1 1 1 1 1 1 1 1 1
380 4180 -0.009423505907771149 -0.009423505907771149 0.002005094858193005 0.9062487486422267 1 1 1 1 1 1 1 1 1 1 1 1
381 4191 -0.02550981431670566 -0.004164817052911669 0.032833321359404435 0.9104466121434385 1 1 1 1 1 1 1 1 1 1 1 1
382 4202 -0.04838038678852683 -0.010183901866679787 0.01564420043509617 0.924019927725479 1 1 1 1 1 1 1 1 1 1 1 1
383 4213 -0.036667744507286465 -0.012985982754294157 0.005434098396278478 0.9249794097640733 1 1 1 1 1 1 1 1 1 1 1 1
384 4224 -0.04906808627898718 -0.006810394501967736 0.0014031236136474617 0.9262125033560217 1 1 1 1 1 1 1 1 1 1 1 1
385 4235 -0.047978751127756195 -0.01009226442321587 0.007165082694037889 0.9262956421004777 1 1 1 1 1 1 1 1 1 1 1 1
386 4246 -0.04399845715890443 -0.001688790526556692 0.0032590438564575755 0.9264179089347917 1 1 1 1 1 1 1 1 1 1 1 1
387 4257 -0.0402038051465799 -0.0008524964862855489 0.0006421124625093358 0.9263606086302566 1 1 1 1 1 1 1 1 1 1 1 1
388 4268 -0.05120417022704904 -0.0033494707456363723 0.005456578696193754 0.9296968610197082 1 1 1 1 1 1 1 1 1 1 1 1
389 4279 -0.06048199932488997 -0.008747715852583215 0.004193366413819299 0.9328389980755412 1 1 1 1 1 1 1 1 1 1 1 1
390 4290 -0.05427334280105303 -0.007987142025930524 0.006299255869593507 0.9378878707320667 1 1 1 1 1 1 1 1 1 1 1 1
391 4301 -0.05299016474698048 -0.003929127624261159 0.00783533758546228 0.9406047719194566 1 1 1 1 1 1 1 1 1 1 1 1
392 4312 -0.06066644865348025 -0.0013634754229737939 0.010769922686789963 0.9423232418828175 1 1 1 1 1 1 1 1 1 1 1 1
393 4323 -0.05141437090905048 -0.012987391040992655 0.011290599645439438 0.9427490529557826 1 1 1 1 1 1 1 1 1 1 1 1
394 4334 -0.0544708064622137 -0.012535079557060395 0.01099787015541883 0.9425758482199404 1 1 1 1 1 1 1 1 1 1 1 1
395 4345 -0.049088372779185846 -0.007130397940890985 8.843532113230962e-05 0.9434260340770797 1 1 1 1 1 1 1 1 1 1 1 1
396 4356 -0.04521639745712116 -0.0047929910930291945 0.0029966995570060296 0.9442173546778254 1 1 1 1 1 1 1 1 1 1 1 1
397 4367 -0.04184902785676187 -0.00039198523434820997 0.014633787277707172 0.9431813829751214 1 1 1 1 1 1 1 1 1 1 1 1
398 4378 -0.047860875113382745 -0.006844457448339443 0.004525989126366895 0.9428458890320419 1 1 1 1 1 1 1 1 1 1 1 1
399 4389 -0.0598904351175207 -0.01654348496681719 0.010990379575540849 0.9420246434912076 1 1 1 1 1 1 1 1 1 1 1 1
400 4400 -0.05726972604046257 -0.0006936191351109652 0.001750649777830254 0.943482714328436 1 1 1 1 1 1 1 1 1 1 1 1
401 4411 -0.06775399593760857 -0.015610006818286313 0.01077793101365935 0.9453506583745762 1 1 1 1 1 1 1 1 1 1 1 1
402 4422 -0.08698760244543685 -0.000329674175125734 0.006947695615989267 0.9434544741903098 1 1 1 1 1 1 1 1 1 1 1 1
403 4433 -0.11583692227430907 -0.004784873524057656 0.003523759338694125 0.9440519043783759 1 1 1 1 1 1 1 1 1 1 1 1
404 4444 -0.09118021558211706 -0.0003565200625881946 0.007408926803085904 0.9470193439874425 1 1 1 1 1 1 1 1 1 1 1 1
405 4455 -0.09428504929177164 -0.00416925890314165 0.0009225619942092947 0.9479928047597237 1 1 1 1 1 1 1 1 1 1 1 1
406 4466 -0.13141017003273286 -0.016678291788866165 0.0260923396314778 0.9530579091444108 1 1 1 1 1 1 1 1 1 1 1 1
407 4477 -0.10005981677911177 -0.017403571033358992 0.005573874632827639 0.9523179198238495 1 1 1 1 1 1 1 1 1 1 1 1
408 4488 -0.10416371753287307 -0.00980630475228433 0.007098241919500997 0.9535168883425711 1 1 1 1 1 1 1 1 1 1 1 1
409 4499 -0.0867427896241487 -0.00519472810583835 0.023163648483779588 0.9538674452438207 1 1 1 1 1 1 1 1 1 1 1 1
410 4510 -0.06791379091143532 -0.0073436159239909345 0.002898158591990018 0.9552456130076151 1 1 1 1 1 1 1 1 1 1 1 1
411 4521 -0.05102714135881833 -0.0067461782817603115 0.005626359093702326 0.9588217681233224 1 1 1 1 1 1 1 1 1 1 1 1
412 4532 -0.07452810563796677 -0.001972158684705813 0.0021332361051740615 0.9575300708250194 1 1 1 1 1 1 1 1 1 1 1 1
413 4543 -0.07167993053508497 -0.00794990238685872 0.016860861880173526 0.9556516105882643 1 1 1 1 1 1 1 1 1 1 1 1
414 4554 -0.0529322881446746 -0.0030165245228866325 0.011676471207987971 0.9575136403122183 1 1 1 1 1 1 1 1 1 1 1 1
415 4565 -0.03664068365834528 -0.014401104448422476 0.007787213889986836 0.9581615238914397 1 1 1 1 1 1 1 1 1 1 1 1
416 4576 -0.04134660697034988 -0.01606805367212619 0.011885724360198358 0.9567469726336366 1 1 1 1 1 1 1 1 1 1 1 1
417 4587 -0.08959047033949287 -0.0008702457031650947 0.005920877441093453 0.9602875635362873 1 1 1 1 1 1 1 1 1 1 1 1
418 4598 -0.16627876926039004 -0.014441587865968239 0.0008218895078091625 0.9620010033017694 1 1 1 1 1 1 1 1 1 1 1 1
419 4609 -0.18729261284421506 -0.01332693965122594 0.004113444586985754 0.9625423078257525 1 1 1 1 1 1 1 1 1 1 1 1
420 4620 -0.19760945366497937 -0.0011809043396800788 0.081229206071029 0.9632575971878011 1 1 1 1 1 1 1 1 1 1 1 1
421 4631 -0.16287297334066306 -0.008160607893854054 0.0020954660824566256 0.9637353754276021 1 1 1 1 1 1 1 1 1 1 1 1
422 4642 -0.15864632229276893 -0.016566835764884384 0.04494979841943488 0.9630506528099794 1 1 1 1 1 1 1 1 1 1 1 1
423 4653 -0.1688643844628174 -0.010733295413096117 0.04225862026746812 0.9633847995597207 1 1 1 1 1 1 1 1 1 1 1 1
424 4664 -0.1509474312593411 -0.00043553340313097955 0.0029191628183181054 0.9614705554301445 1 1 1 1 1 1 1 1 1 1 1 1
425 4675 -0.15372702535115831 -0.005492001356917287 0.00012499782115619812 0.9643418038906967 1 1 1 1 1 1 1 1 1 1 1 1
426 4686 -0.15810605914886408 -0.020965674509353882 0.026068871279727047 0.9639258837586904 1 1 1 1 1 1 1 1 1 1 1 1
427 4697 -0.14776674553305175 -0.0022344570447757625 0.0371448542128554 0.9610288719265854 1 1 1 1 1 1 1 1 1 1 1 1
428 4708 -0.16230808083246884 -0.0068554507941965374 0.005686262951229474 0.9620450861483273 1 1 1 1 1 1 1 1 1 1 1 1
429 4719 -0.17567905460928587 -0.00872099072598103 9.253072240181736e-05 0.9638178338431183 1 1 1 1 1 1 1 1 1 1 1 1
430 4730 -0.1799904141835598 -0.00023628605304129284 0.0005589410517538201 0.9646951395945106 1 1 1 1 1 1 1 1 1 1 1 1
431 4741 -0.18470683705198757 -0.0027256569317843124 0.0034477543330888034 0.9685773777441938 1 1 1 1 1 1 1 1 1 1 1 1
432 4752 -0.1765450377785447 -0.008269812657849384 0.002525596329150344 0.9698224682353995 1 1 1 1 1 1 1 1 1 1 1 1
433 4763 -0.16425392740998687 -0.005120039773456467 0.011503304533222548 0.9700524004194327 1 1 1 1 1 1 1 1 1 1 1 1
434 4774 -0.18041912548870578 -0.018135604249147126 0.0043609535334135086 0.9688073537565018 1 1 1 1 1 1 1 1 1 1 1 1
435 4785 -0.11965412511312422 -0.004766353419439078 0.02542980174057989 0.9682968352315515 1 1 1 1 1 1 1 1 1 1 1 1
436 4796 -0.10735322295767386 -0.000481198269308837 0.02751799987438369 0.9688206213196503 1 1 1 1 1 1 1 1 1 1 1 1
437 4807 -0.11370856953421099 -0.010676295680013522 0.012288104979072907 0.9689160903217672 1 1 1 1 1 1 1 1 1 1 1 1
438 4818 -0.13378168641846475 -0.007852415575504024 0.028239662633472 0.9704710708376582 1 1 1 1 1 1 1 1 1 1 1 1
439 4829 -0.12626518953200766 -0.016508237201170922 0.01672749472975335 0.9721202326327251 1 1 1 1 1 1 1 1 1 1 1 1
440 4840 -0.13115547086562007 -0.013733412271054 0.02331388625605946 0.9735272894086546 1 1 1 1 1 1 1 1 1 1 1 1
441 4851 -0.12872548391157979 -0.01854043495807571 0.022503334459548392 0.9742396664601657 1 1 1 1 1 1 1 1 1 1 1 1
442 4862 -0.11407939861168687 -0.0073687703951015 0.0195788333620691 0.9754095935887943 1 1 1 1 1 1 1 1 1 1 1 1
443 4873 -0.12291723026493574 -0.005378272804994611 0.0019064941144179392 0.9760429002105282 1 1 1 1 1 1 1 1 1 1 1 1
444 4884 -0.10686797637217778 -0.0026252002701789164 0.0032639443834535935 0.9770280076440951 1 1 1 1 1 1 1 1 1 1 1 1
445 4895 -0.10977515151443576 -0.007330614300048131 0.01885422347936599 0.9764520870040327 1 1 1 1 1 1 1 1 1 1 1 1
446 4906 -0.11738392032159195 -0.006362827544878968 0.02153462657956013 0.976383614527512 1 1 1 1 1 1 1 1 1 1 1 1
447 4917 -0.12295792528133015 -0.0008963502923709985 0.01400596367324805 0.9770903135666515 1 1 1 1 1 1 1 1 1 1 1 1
448 4928 -0.1546739428585208 -0.0035026703973081337 0.028817816251091442 0.9763638811518197 1 1 1 1 1 1 1 1 1 1 1 1
449 4939 -0.1504254562728506 -0.0026193913140106027 0.008428631170051654 0.9787831099390202 1 1 1 1 1 1 1 1 1 1 1 1
450 4950 -0.167507074838885 -0.009856387560810998 0.00348400889242752 0.980122479533415 1 1 1 1 1 1 1 1 1 1 1 1
451 4961 -0.17378196471139531 -0.007148846000377364 0.0026902604575376257 0.981397521826783 1 1 1 1 1 1 1 1 1 1 1 1
452 4972 -0.20278237562855947 -0.003729835967973061 0.008962824307906793 0.9821282538789308 1 1 1 1 1 1 1 1 1 1 1 1
453 4983 -0.21366384766155153 -0.003093621302579369 0.005473716209492851 0.9825549935400729 1 1 1 1 1 1 1 1 1 1 1 1
454 4994 -0.20355956246333334 -0.009123084427793186 0.005145360884763437 0.983957522211657 1 1 1 1 1 1 1 1 1 1 1 1
455 5005 -0.21066882888657268 -0.0029339224459612647 0.00033124948723583527 0.9832775539343664 1 1 1 1 1 1 1 1 1 1 1 1
456 5016 -0.21660689843502712 -0.0012742272987221713 0.0006355212042256826 0.9849973984904599 1 1 1 1 1 1 1 1 1 1 1 1
457 5027 -0.2391518583341701 -0.024876009337810406 0.00016838742582272442 0.9844646995233701 1 1 1 1 1 1 1 1 1 1 1 1
458 5038 -0.24791895725311056 -0.016229262589090503 0.005783167119876508 0.9845819512498055 1 1 1 1 1 1 1 1 1 1 1 1
459 5049 -0.23323843437417638 -0.00011863625874561186 0.002208165187705947 0.9847641398313484 1 1 1 1 1 1 1 1 1 1 1 1
460 5060 -0.20192715775755896 -0.02787866246154825 0.0006699157967257674 0.9859955364233112 1 1 1 1 1 1 1 1 1 1 1 1
461 5071 -0.17455046027221213 -0.019745390201865127 0.030263061529736505 0.9882559970762655 1 1 1 1 1 1 1 1 1 1 1 1
462 5082 -0.2040643785723306 -0.0011553625795759554 0.007211692131080187 0.9888692006842486 1 1 1 1 1 1 1 1 1 1 1 1
463 5093 -0.23571313913813777 -0.0245036560377091 0.004414751892459697 0.9893885677057596 1 1 1 1 1 1 1 1 1 1 1 1
464 5104 -0.2521798759870379 -0.007870115406641294 0.012785861065722172 0.9906009754792924 1 1 1 1 1 1 1 1 1 1 1 1
465 5115 -0.24410959809412008 -0.003806942658373464 0.009835183759492425 0.9910061303134204 1 1 1 1 1 1 1 1 1 1 1 1
466 5126 -0.2147083694148832 -0.0007896466927246981 0.034304058713233124 0.9912405137783561 1 1 1 1 1 1 1 1 1 1 1 1
467 5137 -0.20813594607594238 -0.005070376355947817 0.023579982855396805 0.9915254325832117 1 1 1 1 1 1 1 1 1 1 1 1
468 5148 -0.1596053035691756 -0.0022151393266523736 8.585805069048129e-05 0.9923200686879735 1 1 1 1 1 1 1 1 1 1 1 1
469 5159 -0.11669660905957502 -0.0020391860822506942 0.020075535008589347 0.9922260013332342 1 1 1 1 1 1 1 1 1 1 1 1
470 5170 -0.10911538307771092 -0.01794938806591307 0.008854512624661998 0.9920753860232062 1 1 1 1 1 1 1 1 1 1 1 1
471 5181 -0.09580447143491842 -0.017637517472843582 0.0172749663281024 0.9922412922765522 1 1 1 1 1 1 1 1 1 1 1 1
472 5192 -0.10056789344871893 -0.022390874153407327 0.028027482501985095 0.9924200616125208 1 1 1 1 1 1 1 1 1 1 1 1
473 5203 -0.11427467616062448 -0.00015619327809960327 0.015082467777726339 0.9923399207970646 1 1 1 1 1 1 1 1 1 1 1 1
474 5214 -0.10538630345666836 -0.0019176017000362387 0.02436336432853615 0.9921958056487193 1 1 1 1 1 1 1 1 1 1 1 1
475 5225 -0.10942945097071174 -0.004437562174394534 0.0015362776066004035 0.9924347609457068 1 1 1 1 1 1 1 1 1 1 1 1
476 5236 -0.12352810443810261 -0.006549724151913974 0.012020473330974894 0.99265080399612 1 1 1 1 1 1 1 1 1 1 1 1
477 5247 -0.13013664066853897 -0.08830179040589055 0.0038381901727479817 0.9928627814192231 1 1 1 1 1 1 1 1 1 1 1 1
478 5258 -0.10178437716391453 -0.07740498540074897 0.003567982091548118 0.9932672727692218 1 1 1 1 1 1 1 1 1 1 1 1
479 5269 -0.08367961391965979 -0.01211290408968856 0.002630855485098108 0.9932781411581421 1 1 1 1 1 1 1 1 1 1 1 1
480 5280 -0.06541057340604747 -0.01637341778363491 0.00746514183209557 0.9937205073457064 1 1 1 1 1 1 1 1 1 1 1 1
481 5291 -0.05663765012822268 -0.02785489730648777 0.00749322139714487 0.9938922210883949 1 1 1 1 1 1 1 1 1 1 1 1
482 5302 -0.08123917897403943 -0.001416188600064932 0.011098603953661839 0.9941224212865135 1 1 1 1 1 1 1 1 1 1 1 1
483 5313 -0.08481703463029173 -0.009858595621492928 0.0049749638530254105 0.994243732230135 1 1 1 1 1 1 1 1 1 1 1 1
484 5324 -0.10147129996580723 -0.007877889843335697 0.0023649886977545487 0.9944225826229461 1 1 1 1 1 1 1 1 1 1 1 1
485 5335 -0.08790286937770653 -0.0025699142166132408 0.01840296001382541 0.9945064718160689 1 1 1 1 1 1 1 1 1 1 1 1
486 5346 -0.08808753317266849 -0.0030461163155633976 0.016570937642439113 0.9947075033474339 1 1 1 1 1 1 1 1 1 1 1 1
487 5357 -0.09498231622561118 -0.007084050716438455 0.01750434265854768 0.9946383586904098 1 1 1 1 1 1 1 1 1 1 1 1
488 5368 -0.07852717294253789 -0.0009858712897419673 0.0010053412779130089 0.9944787480265297 1 1 1 1 1 1 1 1 1 1 1 1
489 5379 -0.10608807825164085 -0.011564370697853977 0.0014795343216342694 0.9943257884899634 1 1 1 1 1 1 1 1 1 1 1 1
490 5390 -0.10245537621237699 -0.0018078650419867104 0.006558542457294252 0.9940625035555751 1 1 1 1 1 1 1 1 1 1 1 1
491 5401 -0.07894287530148122 -0.007061886277970013 0.02209658057280445 0.9937287239426414 1 1 1 1 1 1 1 1 1 1 1 1
492 5412 -0.09982727836286007 -0.004299575389431279 0.022074092511280962 0.9938745524480049 1 1 1 1 1 1 1 1 1 1 1 1
493 5423 -0.09800490739594345 -0.04196042389933308 0.026173434240173335 0.9937898788791273 1 1 1 1 1 1 1 1 1 1 1 1
494 5434 -0.05647592069028316 -0.00862847881957372 0.04820621840631306 0.9942238647737507 1 1 1 1 1 1 1 1 1 1 1 1
495 5445 -0.04994208326369224 -0.0026115435345818823 0.009811989810509594 0.9942009071893246 1 1 1 1 1 1 1 1 1 1 1 1
496 5456 -0.06074440681231467 -0.01584225001936001 0.0003332614169491877 0.9941869278122425 1 1 1 1 1 1 1 1 1 1 1 1
497 5467 -0.057807511554453225 -0.001799852144381302 0.04169902055347773 0.9943030907341139 1 1 1 1 1 1 1 1 1 1 1 1
498 5478 -0.05944067420716129 -0.009330782240253153 0.022395591902245993 0.9943873076525458 1 1 1 1 1 1 1 1 1 1 1 1
499 5489 -0.0554902619768416 -0.00047142366857799706 0.031053879947427226 0.9949057813456113 1 1 1 1 1 1 1 1 1 1 1 1
500 5500 -0.06234548692154399 -0.02177587599635912 0.026567927288723793 0.9950871435272368 1 1 1 1 1 1 1 1 1 1 1 1
501 5511 -0.07969417108633543 -0.01614702406113531 0.009593542551876043 0.9952181069062108 1 1 1 1 1 1 1 1 1 1 1 1
502 5522 -0.08004759782424471 -0.01974287617330637 0.012494560748271101 0.9954303924669179 1 1 1 1 1 1 1 1 1 1 1 1
503 5533 -0.0823569900026418 -0.010804598733945264 0.01615535079204603 0.995421705039707 1 1 1 1 1 1 1 1 1 1 1 1
504 5544 -0.07263114992974208 -0.018439852467215467 0.009019472594230592 0.995488787829191 1 1 1 1 1 1 1 1 1 1 1 1
505 5555 -0.12515484127681042 -0.02048240768276123 0.0029813204377495055 0.995155375056558 1 1 1 1 1 1 1 1 1 1 1 1
506 5566 -0.13604056264954661 -0.024922096512085372 0.005129725585048286 0.9952729359459795 1 1 1 1 1 1 1 1 1 1 1 1
507 5577 -0.16473991431180104 -0.012180975394402677 0.020813246913897798 0.9954888303046844 1 1 1 1 1 1 1 1 1 1 1 1
508 5588 -0.1435686579942028 -0.024108893079129605 0.00035897002999587553 0.9955880638152858 1 1 1 1 1 1 1 1 1 1 1 1
509 5599 -0.10906560922891892 -0.0051461024025377675 0.03158057121259893 0.9956397220217329 1 1 1 1 1 1 1 1 1 1 1 1
510 5610 -0.11139733102989223 -0.003133730480494862 0.037239679490947884 0.9956036718670718 1 1 1 1 1 1 1 1 1 1 1 1
511 5621 -0.11292275539275488 -0.01804046364747218 0.0024426668756013133 0.9954821902249306 1 1 1 1 1 1 1 1 1 1 1 1
512 5632 -0.12994276970619115 -0.010666902620193697 0.006136248036978609 0.9954152800023786 1 1 1 1 1 1 1 1 1 1 1 1
513 5643 -0.13721505442280751 -0.010182003040861776 0.056713874242762495 0.9952201284344869 1 1 1 1 1 1 1 1 1 1 1 1
514 5654 -0.16472398978814448 -0.02877121903669314 0.003529162714992906 0.9954600485452184 1 1 1 1 1 1 1 1 1 1 1 1
515 5665 -0.1442771668064684 -0.008477703487441583 0.018012554017189188 0.9956834595822979 1 1 1 1 1 1 1 1 1 1 1 1
516 5676 -0.1408693251084092 -0.014501438120914914 0.0020613423306273903 0.995819744040948 1 1 1 1 1 1 1 1 1 1 1 1
517 5687 -0.13210447985301924 -0.011154505617216256 3.985418156920256e-05 0.9958577977361889 1 1 1 1 1 1 1 1 1 1 1 1
518 5698 -0.12289786118208006 -0.0021954709963135327 0.009625541214066773 0.9958723589313598 1 1 1 1 1 1 1 1 1 1 1 1
519 5709 -0.12135965745492545 -0.01564368096037599 0.005967565155250196 0.9957090795038105 1 1 1 1 1 1 1 1 1 1 1 1
520 5720 -0.1235964726503949 -0.009801843105881123 0.01056693487308599 0.9957395446050414 1 1 1 1 1 1 1 1 1 1 1 1
521 5731 -0.1271637236984717 -0.002614878571150337 0.010004891926368739 0.9959242491116082 1 1 1 1 1 1 1 1 1 1 1 1
522 5742 -0.1544717519737641 -0.008098292553493305 0.02865619246736098 0.995986014656939 1 1 1 1 1 1 1 1 1 1 1 1
523 5753 -0.1464776900777189 -0.011733133196150613 0.024032337825985108 0.996003392249611 1 1 1 1 1 1 1 1 1 1 1 1
524 5764 -0.13739072434226385 -0.008373945110298209 0.003997219630028453 0.995939456418738 1 1 1 1 1 1 1 1 1 1 1 1
525 5775 -0.12735834207104615 -0.005993720035561177 0.0010740007591891543 0.996057124191267 1 1 1 1 1 1 1 1 1 1 1 1
526 5786 -0.0811644341429342 -0.010393664616944262 0.013322145953920136 0.9962212954807579 1 1 1 1 1 1 1 1 1 1 1 1
527 5797 -0.07462834400027277 -0.010694985170356063 0.01307490485727821 0.9964681099803367 1 1 1 1 1 1 1 1 1 1 1 1
528 5808 -0.0931087715688265 -0.023058839926108677 0.002736275617225089 0.9963519726233007 1 1 1 1 1 1 1 1 1 1 1 1
529 5819 -0.08479340600983527 -0.0011464813501285847 0.014386802120438625 0.9966535608412022 1 1 1 1 1 1 1 1 1 1 1 1
530 5830 -0.09825279538155368 -0.00013139911413609587 0.008459790181544927 0.9967136228283255 1 1 1 1 1 1 1 1 1 1 1 1
531 5841 -0.12817655705651726 -0.019092822269777224 0.01359086137713499 0.9967636440511228 1 1 1 1 1 1 1 1 1 1 1 1
532 5852 -0.11672641015241883 -0.008845651705747604 0.005211825120859457 0.9968041015135112 1 1 1 1 1 1 1 1 1 1 1 1
533 5863 -0.13885527378995108 -0.009411505158510506 0.01206065003782995 0.996800331614077 1 1 1 1 1 1 1 1 1 1 1 1
534 5874 -0.15929660648168292 -0.004596279189967989 0.018848449222754672 0.9967179992452745 1 1 1 1 1 1 1 1 1 1 1 1
535 5885 -0.18038352940679497 -0.012811163446581569 0.010384618544143426 0.9967582422790038 1 1 1 1 1 1 1 1 1 1 1 1
536 5896 -0.15457874221596724 -0.0007813193593693824 0.015962337471406164 0.9967524349016942 1 1 1 1 1 1 1 1 1 1 1 1
537 5907 -0.17212143595044727 -0.0426610791225866 0.0007998894680089767 0.9969045522967572 1 1 1 1 1 1 1 1 1 1 1 1
538 5918 -0.15718007699985317 -0.012896555390668411 0.009997543189876815 0.9969752562556021 1 1 1 1 1 1 1 1 1 1 1 1
539 5929 -0.15237794880079675 -0.014309078950648183 0.013391942967265653 0.9970130109361905 1 1 1 1 1 1 1 1 1 1 1 1
540 5940 -0.1595635987706507 -0.0009405057386873581 0.00489819395251686 0.997142510909586 1 1 1 1 1 1 1 1 1 1 1 1
541 5951 -0.14922639651356875 -0.004540880238625384 0.0038960199685020643 0.9971714740898443 1 1 1 1 1 1 1 1 1 1 1 1
542 5962 -0.17231979088340577 -0.005634934020084559 0.010558472632741803 0.9971479793741238 1 1 1 1 1 1 1 1 1 1 1 1
543 5973 -0.13826078271382325 -0.011974313952113983 0.0310225916494 0.9972152380793892 1 1 1 1 1 1 1 1 1 1 1 1
544 5984 -0.12326977316700456 -0.0007235564666476531 0.07091338363421021 0.9971980858494505 1 1 1 1 1 1 1 1 1 1 1 1
545 5995 -0.11753086283363141 -0.0002751965267032443 0.0020362660008481333 0.9971683737486734 1 1 1 1 1 1 1 1 1 1 1 1
546 6006 -0.14679597739088412 -0.017070720769336113 0.061396259380638564 0.9972487646180399 1 1 1 1 1 1 1 1 1 1 1 1
547 6017 -0.15361614665905235 -0.02157549793293175 0.004039037108824446 0.9972266348677615 1 1 1 1 1 1 1 1 1 1 1 1
548 6028 -0.16871904346881011 -0.015856249972188628 3.888424254683511e-05 0.9973219784843963 1 1 1 1 1 1 1 1 1 1 1 1
549 6039 -0.1593845365135669 -0.0037321928656944624 0.0057722134391980364 0.9974296692685201 1 1 1 1 1 1 1 1 1 1 1 1
550 6050 -0.16227003341355017 -0.011681297900666417 0.011673793731780856 0.9974119207718701 1 1 1 1 1 1 1 1 1 1 1 1
551 6061 -0.16596426202174785 -0.012604974063887164 0.011798632429534956 0.9973995953773687 1 1 1 1 1 1 1 1 1 1 1 1
552 6072 -0.1668598566805714 -0.011153837015366872 0.0034576124986199085 0.9974444312043371 1 1 1 1 1 1 1 1 1 1 1 1
553 6083 -0.16608649726993005 -0.01485845345780875 0.02026945942236627 0.9973523696447001 1 1 1 1 1 1 1 1 1 1 1 1
554 6094 -0.16007263756428924 -0.010001340644618337 0.023990441018015292 0.9974701973367219 1 1 1 1 1 1 1 1 1 1 1 1
555 6105 -0.14552364652688507 -0.01615930528018513 0.03086114915359854 0.99741436812499 1 1 1 1 1 1 1 1 1 1 1 1
556 6116 -0.15386682599501972 -0.00869243046097703 0.007971969925181606 0.9973408717339349 1 1 1 1 1 1 1 1 1 1 1 1
557 6127 -0.1338116978958055 -0.0006712777266281953 0.006543989408964249 0.9973976128227767 1 1 1 1 1 1 1 1 1 1 1 1
558 6138 -0.14391924499608236 -0.002810123340844021 0.002017004585240642 0.997298662493807 1 1 1 1 1 1 1 1 1 1 1 1
559 6149 -0.12692580527692138 -0.0004178630584112511 0.010386007244542186 0.9973569620524083 1 1 1 1 1 1 1 1 1 1 1 1
560 6160 -0.10372806337045715 -0.008991945580026719 0.007979153617953181 0.9974930680128019 1 1 1 1 1 1 1 1 1 1 1 1
561 6171 -0.13001165053333547 -0.032329353392155216 0.039816773242896085 0.9974931799143201 1 1 1 1 1 1 1 1 1 1 1 1
562 6182 -0.1209342164269227 -0.04792411309706783 0.0330120877184898 0.9974816059650348 1 1 1 1 1 1 1 1 1 1 1 1
563 6193 -0.11071955791078031 -0.006112980470454488 0.04538718029115213 0.9975239814375904 1 1 1 1 1 1 1 1 1 1 1 1
564 6204 -0.09259297046224053 -0.009829578442392437 0.04452294458722731 0.9977004762994717 1 1 1 1 1 1 1 1 1 1 1 1
565 6215 -0.08825228946571942 -0.024958599298003196 0.012040842500067301 0.9978364325286868 1 1 1 1 1 1 1 1 1 1 1 1
566 6226 -0.0657338091166212 -0.002265400107182987 0.040625950342426546 0.9979001567324894 1 1 1 1 1 1 1 1 1 1 1 1
567 6237 -0.06962354301297034 -0.0024802442942302265 0.034228649168967104 0.997913507973546 1 1 1 1 1 1 1 1 1 1 1 1
568 6248 -0.06597848308155789 -0.04651994045507968 0.005480922033382251 0.9979878569212562 1 1 1 1 1 1 1 1 1 1 1 1
569 6259 -0.08301389507753275 -0.038666284955491535 0.01026838912842585 0.9981013456645765 1 1 1 1 1 1 1 1 1 1 1 1
570 6270 -0.0775871304413133 -0.021944644299888766 0.010903131852881125 0.9981449525275883 1 1 1 1 1 1 1 1 1 1 1 1
571 6281 -0.06298078325279689 -0.0033455786904688476 0.036271930911910735 0.9980925667009837 1 1 1 1 1 1 1 1 1 1 1 1
572 6292 -0.06282678094103442 -0.02886242215101051 0.010824393207990904 0.9980839134427154 1 1 1 1 1 1 1 1 1 1 1 1
573 6303 -0.05339773547594992 -0.0043740966882485285 0.02074537391826165 0.9979854946239524 1 1 1 1 1 1 1 1 1 1 1 1
574 6314 -0.076015029809229 -0.003927058523120268 0.014569054535567708 0.9980029568139238 1 1 1 1 1 1 1 1 1 1 1 1
575 6325 -0.06874773764266187 -0.002023937730756221 0.03038919275686347 0.9978934458994583 1 1 1 1 1 1 1 1 1 1 1 1
576 6336 -0.0911537622261254 -0.00952110384967004 0.016632134280953052 0.997913668922891 1 1 1 1 1 1 1 1 1 1 1 1
577 6347 -0.08453608480242417 -0.005786160577452947 0.02177986558138937 0.9978991009339462 1 1 1 1 1 1 1 1 1 1 1 1
578 6358 -0.08401823887955492 -0.03268604763088779 0.015292819494305283 0.9979877476925036 1 1 1 1 1 1 1 1 1 1 1 1
579 6369 -0.04307321768136965 -0.02734306934612825 0.02815106690602934 0.9980637980310508 1 1 1 1 1 1 1 1 1 1 1 1
580 6380 -0.036833539592213985 -0.007556772730384789 0.03728710008055548 0.9981054849757197 1 1 1 1 1 1 1 1 1 1 1 1
581 6391 -0.04317058326679071 -0.010192203856380398 0.046865390598934534 0.9980941919430641 1 1 1 1 1 1 1 1 1 1 1 1
582 6402 -0.052066204077720286 -0.033585596534694034 0.0011167406486250104 0.9980391654707836 1 1 1 1 1 1 1 1 1 1 1 1
583 6413 -0.044052730336003015 -0.020106399411999605 0.02476996499934938 0.9980904287486532 1 1 1 1 1 1 1 1 1 1 1 1
584 6424 -0.0382618055694748 -0.029826223067378522 0.02111148428303513 0.9981018789127505 1 1 1 1 1 1 1 1 1 1 1 1
585 6435 -0.05142219466123023 -0.029581308922121574 0.01890803065532619 0.9981262593902722 1 1 1 1 1 1 1 1 1 1 1 1
586 6446 -0.051859075268459724 -0.03660823232453934 0.03085564116263838 0.9981261665897846 1 1 1 1 1 1 1 1 1 1 1 1
587 6457 -0.04414558321609338 -0.029507920255327367 0.03437456871588958 0.9981661310678193 1 1 1 1 1 1 1 1 1 1 1 1
588 6468 -0.04744593820054983 -0.03510347483499593 0.02185092803145937 0.9981044172451499 1 1 1 1 1 1 1 1 1 1 1 1
589 6479 -0.04998862633806463 -0.014142785223550674 0.0456249826542327 0.9980854868256207 1 1 1 1 1 1 1 1 1 1 1 1
590 6490 -0.06124285052462053 -0.034214423631389726 0.0007556911281171772 0.9980722498181324 1 1 1 1 1 1 1 1 1 1 1 1
591 6501 -0.05370514383895901 -0.003916685212248062 0.045972373836648185 0.9981843242991812 1 1 1 1 1 1 1 1 1 1 1 1
592 6512 -0.04351070773450897 -0.009929904904287436 0.04717456668010143 0.9981973401095812 1 1 1 1 1 1 1 1 1 1 1 1
593 6523 -0.035671559406838395 -0.028478663814699715 0.005838902968331799 0.9981611400692798 1 1 1 1 1 1 1 1 1 1 1 1
594 6534 -0.04255255319486877 -0.026474782043334862 0.013763529939564244 0.9981776088523745 1 1 1 1 1 1 1 1 1 1 1 1
595 6545 -0.02103629026736061 -0.011767682303642156 0.02367072421586896 0.9981900077645465 1 1 1 1 1 1 1 1 1 1 1 1
596 6556 -0.017602701472404458 -0.007810597414690916 0.012790559635616072 0.998171244132954 1 1 1 1 1 1 1 1 1 1 1 1
597 6567 -0.024493701318576488 -0.0007373084307962759 0.027852078769415173 0.9980704073504283 1 1 1 1 1 1 1 1 1 1 1 1
598 6578 -0.04882492314533066 -0.0230758211365679 0.02523413742089111 0.9981619693230045 1 1 1 1 1 1 1 1 1 1 1 1
599 6589 -0.077797337798645 -0.001961334843069787 0.02207280543901265 0.9980814290281349 1 1 1 1 1 1 1 1 1 1 1 1
600 6600 -0.07412193919736751 -0.02878553260149581 0.009028590600399313 0.9981931725233751 1 1 1 1 1 1 1 1 1 1 1 1
601 6611 -0.08143767352768602 -0.034332435023177274 0.018252288887418394 0.9980703215980968 1 1 1 1 1 1 1 1 1 1 1 1
602 6622 -0.1134132887741134 -0.0019105894272531182 0.0018871291024236878 0.9981185784449256 1 1 1 1 1 1 1 1 1 1 1 1
603 6633 -0.13335469164459277 -0.009490977539368131 0.03452242633727496 0.9981086854666117 1 1 1 1 1 1 1 1 1 1 1 1
604 6644 -0.14454950823366158 -0.01821953652922291 0.0192850441524832 0.9980204597027713 1 1 1 1 1 1 1 1 1 1 1 1
605 6655 -0.14520085839856509 -0.024506566968147896 0.013310974735323743 0.9979845852844142 1 1 1 1 1 1 1 1 1 1 1 1
606 6666 -0.14640351142126307 -0.011961146394030706 0.014888576272917021 0.9980049590727195 1 1 1 1 1 1 1 1 1 1 1 1
607 6677 -0.15778772536558913 -0.0008491404029760226 0.01591686093134456 0.9979163883463893 1 1 1 1 1 1 1 1 1 1 1 1
608 6688 -0.1695958186139071 -0.009745559993765158 0.007429873595127769 0.9978204975867119 1 1 1 1 1 1 1 1 1 1 1 1
609 6699 -0.14813072501180785 -0.0018708215838115932 0.012671777999640168 0.9978731686044773 1 1 1 1 1 1 1 1 1 1 1 1
610 6710 -0.12313783255607247 -0.004172023252701012 0.002388994908937633 0.9978591255406464 1 1 1 1 1 1 1 1 1 1 1 1
611 6721 -0.11534421815394605 -0.0003360706287143713 0.016372229482230556 0.9979579491449103 1 1 1 1 1 1 1 1 1 1 1 1
612 6732 -0.11490374640029893 -0.012383219023971642 0.01975191686280858 0.997910418708657 1 1 1 1 1 1 1 1 1 1 1 1
613 6743 -0.11899100069745562 -0.026985835955784222 0.035226138764278395 0.9979028069784177 1 1 1 1 1 1 1 1 1 1 1 1
614 6754 -0.13508965074145485 -0.037720519574459536 0.005583376646014587 0.9978673694817053 1 1 1 1 1 1 1 1 1 1 1 1
615 6765 -0.14723023787140005 -0.04893402847247038 0.004603255070224514 0.9977158199602782 1 1 1 1 1 1 1 1 1 1 1 1
616 6776 -0.1418627574928367 -0.040738788978814895 0.010830854549300165 0.9977403306279075 1 1 1 1 1 1 1 1 1 1 1 1
617 6787 -0.14296785625183392 -0.010721868708223184 0.0065172663223145195 0.9979105834166102 1 1 1 1 1 1 1 1 1 1 1 1
618 6798 -0.1371196192041705 -0.024661696957893955 0.005084272228041166 0.9979003754598157 1 1 1 1 1 1 1 1 1 1 1 1
619 6809 -0.1544248960656706 -0.016301097071870378 0.02650919049366257 0.9979217556638176 1 1 1 1 1 1 1 1 1 1 1 1
620 6820 -0.1431611980864214 -0.02623648553121136 0.00898193230116042 0.9979970166824003 1 1 1 1 1 1 1 1 1 1 1 1
621 6831 -0.17818637207176605 -0.001839684396162369 0.0022942708291453394 0.9979768399321073 1 1 1 1 1 1 1 1 1 1 1 1
622 6842 -0.16369872908044517 -0.03220556697070649 0.01433430372118008 0.9978698895436503 1 1 1 1 1 1 1 1 1 1 1 1
623 6853 -0.12975943207023505 -0.009643906903853335 0.03581174407267423 0.9979118243989216 1 1 1 1 1 1 1 1 1 1 1 1
624 6864 -0.13397244235512434 -0.020017164566201028 0.04290849720970449 0.9978573405082565 1 1 1 1 1 1 1 1 1 1 1 1
625 6875 -0.14122077813948652 -0.015040583468646469 0.009421601722727423 0.9978730758762914 1 1 1 1 1 1 1 1 1 1 1 1
626 6886 -0.14888380807396343 -0.007473819367535379 0.0167056865970725 0.9979762157504284 1 1 1 1 1 1 1 1 1 1 1 1
627 6897 -0.1296569203171122 -0.0011577401210914715 0.0093496435319235 0.99796454432413 1 1 1 1 1 1 1 1 1 1 1 1
628 6908 -0.10607425449650125 -0.007239662492190368 0.0017383273826650344 0.9980059563283838 1 1 1 1 1 1 1 1 1 1 1 1
629 6919 -0.10061925668351417 -0.004494896021032413 0.004156374550131711 0.9980059126344094 1 1 1 1 1 1 1 1 1 1 1 1
630 6930 -0.10875692043145413 -0.013250912533031454 0.002238581256843524 0.9980233966366308 1 1 1 1 1 1 1 1 1 1 1 1
631 6941 -0.12485726500767864 -0.006836287539679844 0.03402504134240053 0.9978067453428354 1 1 1 1 1 1 1 1 1 1 1 1
632 6952 -0.13821144319055018 -0.0010842134448712866 0.024701206283462094 0.9977736655300687 1 1 1 1 1 1 1 1 1 1 1 1
633 6963 -0.1284123004381665 -0.008485959209243034 0.0002742760665180622 0.9977738675502605 1 1 1 1 1 1 1 1 1 1 1 1
634 6974 -0.1278461619970241 -0.021118170024023008 0.005306482983178336 0.9975960807996913 1 1 1 1 1 1 1 1 1 1 1 1
635 6985 -0.13369214888333714 -0.00409263926910809 0.0278342061431771 0.997668230282452 1 1 1 1 1 1 1 1 1 1 1 1
636 6996 -0.13656309319795712 -0.013725868429071973 0.011020774827982173 0.9976312076867877 1 1 1 1 1 1 1 1 1 1 1 1
637 7007 -0.15104370191574137 -0.02993938001294702 0.012614835718816386 0.9977979154429992 1 1 1 1 1 1 1 1 1 1 1 1
638 7018 -0.15637896325471823 -0.005561123195086337 0.027315883352663592 0.9977913015821209 1 1 1 1 1 1 1 1 1 1 1 1
639 7029 -0.16717278981328781 -0.021119553701404226 0.0002778649139010484 0.99775485295608 1 1 1 1 1 1 1 1 1 1 1 1
640 7040 -0.14943923352523605 -0.0005130704956862282 0.014280841823907967 0.9979316526201389 1 1 1 1 1 1 1 1 1 1 1 1
641 7051 -0.12106926169828638 -0.0008274619120697801 0.0017257497529415329 0.998061750344386 1 1 1 1 1 1 1 1 1 1 1 1
642 7062 -0.10972929181839615 -0.013234378452481814 0.0023481063684751557 0.9980223429222358 1 1 1 1 1 1 1 1 1 1 1 1
643 7073 -0.09029968562632394 -0.030286969654052497 0.0028869279662287668 0.9978587384394161 1 1 1 1 1 1 1 1 1 1 1 1
644 7084 -0.08051421855190194 -0.01975073835033002 0.019791229293496613 0.9977422136111147 1 1 1 1 1 1 1 1 1 1 1 1
645 7095 -0.07053735153118966 -0.00312486057340667 0.003165833314739555 0.9978325630537843 1 1 1 1 1 1 1 1 1 1 1 1
646 7106 -0.08656066164036022 -0.029719514470039562 0.0009365306524701969 0.9979791240131505 1 1 1 1 1 1 1 1 1 1 1 1
647 7117 -0.08489699723782336 -0.0015270556550644623 0.047158439738264786 0.9978795698372357 1 1 1 1 1 1 1 1 1 1 1 1
648 7128 -0.08831705333351153 -0.017660754964656876 0.010540683964679535 0.9979394694990179 1 1 1 1 1 1 1 1 1 1 1 1
649 7139 -0.05165682079604229 -0.012262924597963541 0.008069368356615664 0.9979915536168866 1 1 1 1 1 1 1 1 1 1 1 1
