% # columns="iteration, evaluation, sigma, axis ratio, bestever, best, median, worst objective function value, further objective values of best", seed=480852, Sat Jul  6 19:23:19 2019, <python>{}</python>
1 11 0.4446091381324118 1.0000458343836967 143.30015539263354 1.4330015539263354e+02 241.05682607132778 606.9226298180864   
2 22 0.3915914956550057 1.1114308359545229 85.30975089294932 8.5309750892949324e+01 318.958313389576 1308.7015881787465   
3 33 0.34822277556107967 1.14658409555946 85.25420362878043 8.5254203628780431e+01 250.53183763635968 405.1267309793095   
4 44 0.3058880549485736 1.1938528449266617 85.25420362878043 8.6995238402962926e+01 249.30292496372226 621.6093984380612   
5 55 0.2919243754275262 1.217406893704435 68.4800393436088 6.8480039343608794e+01 113.39258954517413 213.48621378630153   
6 66 0.27016696514201183 1.2857161574767488 61.99517697972459 6.1995176979724590e+01 122.63409371690796 429.3061145545691   
7 77 0.2652216292156157 1.299944912650989 58.171325642656676 5.8171325642656676e+01 97.97952284513103 266.0088542452859   
8 88 0.2624958105382723 1.3699699671000822 58.171325642656676 7.3214728983329266e+01 109.11310143807569 226.68684242150664   
9 99 0.24664645004524013 1.4113156374793676 54.87963253907577 5.4879632539075772e+01 102.24079675518938 207.8731243211266   
10 110 0.2353039482041834 1.4653906596628374 30.214036904441667 3.0214036904441667e+01 88.1246859770275 261.74542365642895   
11 121 0.2230947661640348 1.4611689749652275 30.214036904441667 4.2139804860320119e+01 90.02691832085532 171.48564250297682   
12 132 0.20348653390761617 1.4869061014754597 29.4989246413691 2.9498924641369101e+01 66.22434421660607 221.20082341182803   
13 143 0.1801781789805196 1.4927416221145802 29.4989246413691 4.7008127779453616e+01 69.50111648991148 152.373623561132   
14 154 0.1643501035355238 1.5050551352120136 29.4989246413691 3.7836464842840087e+01 62.185038652999054 110.495059341632   
15 165 0.15004934597615832 1.4921818291694626 23.386752944132596 2.3386752944132596e+01 41.17794384446155 85.94650413389543   
16 176 0.14955981731321918 1.5008080940647675 19.371531018137713 1.9371531018137713e+01 38.3612930603041 71.40155105679176   
17 187 0.14704911696608464 1.5681999722631352 19.17094749758581 1.9170947497585811e+01 27.463663435828643 52.45611775214388   
18 198 0.1430053857135835 1.6356795848790207 15.534857305804282 1.5534857305804282e+01 33.98955551538454 70.77075258881439   
19 209 0.13860787146356865 1.670685285020835 15.534857305804282 1.6908376787426356e+01 26.217207473363704 52.20855940406291   
20 220 0.12575118376554403 1.7177752533818686 15.534857305804282 1.9498978558063669e+01 39.28937904195056 48.16969000567849   
21 231 0.11413747323542013 1.78834569363971 15.534857305804282 1.5971077811827424e+01 28.345595769047943 43.20013028319101   
22 242 0.10245958358286643 1.8262238783807951 14.650783497951867 1.4650783497951867e+01 19.842762089270455 37.73914809783259   
23 253 0.09782031602602458 1.84423487324256 13.95469638789196 1.3954696387891961e+01 19.039925760220385 30.616607099709654   
24 264 0.09081976540291266 1.830793467291959 13.645627807196846 1.3645627807196846e+01 17.589336515143057 26.84511767259977   
25 275 0.0903427319084859 1.8516327798851533 13.645627807196846 1.4091829459022641e+01 17.91346233599511 25.560546277223935   
26 286 0.0832270628137348 1.874719061978609 11.112871286232982 1.1112871286232982e+01 17.309638515586183 25.453515044285464   
27 297 0.07214930442070806 1.867177900850946 11.112871286232982 1.2083713176912639e+01 15.749045355549637 20.568942011412027   
28 308 0.06815260207143445 1.8890331145768209 11.112871286232982 1.2822189978209014e+01 14.628952023122272 16.470314667035925   
29 319 0.06393327864005707 1.9156668956816874 11.112871286232982 1.1411551071405720e+01 16.487749486509248 19.39420084907947   
30 330 0.05914790334387841 1.906794029005111 11.112871286232982 1.1559974230965487e+01 15.74509043262552 20.32871638136179   
31 341 0.05520265675506323 1.916467610378411 11.112871286232982 1.1675007634617689e+01 13.474222827392289 17.96400947269106   
32 352 0.05110269279115717 1.9072583880157457 11.037475694980632 1.1037475694980632e+01 13.426033683941093 14.403185483153086   
33 363 0.047463864653829145 1.9235806619497295 10.850242671552317 1.0850242671552317e+01 11.943521591008722 13.795840044320583   
34 374 0.04535159440394856 1.944842673009967 10.351100590567254 1.0351100590567254e+01 11.520870339714444 13.607675591072796   
35 385 0.04524771445467189 1.9310716240701216 10.351100590567254 1.0791415226365995e+01 11.364801572617548 15.878151157155617   
36 396 0.04263150711245278 1.960934615510984 10.19387427521507 1.0193874275215070e+01 11.397458694919628 12.541560462930201   
37 407 0.038560906653566124 1.989591702483599 10.168259093908645 1.0168259093908645e+01 11.341999768384946 12.529307727898395   
38 418 0.03489000699715573 2.0871522560503646 10.168259093908645 1.0242833869536154e+01 10.69380949125504 11.973998678383264   
39 429 0.030936950579326612 2.0562295757670155 9.65460601709479 9.6546060170947907e+00 10.784906180832136 11.714639439088169   
40 440 0.027403119942308835 2.1151556327411103 9.65460601709479 9.9503827077055611e+00 10.50861582984362 10.777985027495362   
41 451 0.023875882620330906 2.1567101147903074 9.65460601709479 9.8573934048978682e+00 10.130896376301097 10.977096177995962   
42 462 0.022607222308878842 2.247423472494197 9.65460601709479 1.0022828514457281e+01 10.176873260077581 10.590730117470663   
43 473 0.021769361381991134 2.2630055441048977 9.65460601709479 9.9147903071196488e+00 10.484616215905499 10.798072907036607   
44 484 0.02167634399085174 2.2686567283754586 9.65460601709479 9.9554033841370355e+00 10.116859729396328 10.666887886407354   
45 495 0.020459729440609746 2.339476255295145 9.65460601709479 9.9602749543051381e+00 10.160791802691161 10.525753106477909   
46 506 0.019426473654252152 2.40062303715916 9.65460601709479 9.8655002668153280e+00 10.03279189872313 10.424394324161556   
47 517 0.0193567220766663 2.427085551748404 9.65460601709479 9.7832698531110758e+00 10.022825804720645 10.225740787771118   
48 528 0.019304637879260823 2.5020054831159833 9.65460601709479 9.6766554448549424e+00 9.94210886544403 10.142819611771422   
49 539 0.018996527180506685 2.5573276046051023 9.65460601709479 9.6937663729997237e+00 9.841093758751583 10.04717552084388   
50 550 0.019087397148458137 2.5467715286102757 9.648964727463293 9.6489647274632926e+00 9.876643246476341 10.107787279205084   
51 561 0.01831625926625257 2.5950513596115217 9.595269644428882 9.5952696444288819e+00 9.758723984605385 9.872850385846915   
52 572 0.018222718934362624 2.5603571586662697 9.595269644428882 9.6822731809241365e+00 9.815086781164315 9.937680865192   
53 583 0.01713742738604325 2.5923501155486655 9.595269644428882 9.6092156217950109e+00 9.81505703670462 9.97689867872571   
54 594 0.016986904544036494 2.7120301847208355 9.547963380672678 9.5479633806726785e+00 9.683746739035044 9.767778375431737   
55 605 0.01674870405363032 2.695517212040285 9.485324685271246 9.4853246852712463e+00 9.658045174012912 9.930298120495998   
56 616 0.016620567427463147 2.6852744319890536 9.466032954247876 9.4660329542478756e+00 9.534039383476403 9.768741370877622   
57 627 0.016578686057607275 2.767805008829239 9.403582855760774 9.4035828557607744e+00 9.609547460523665 9.655185406682161   
58 638 0.016277098199320085 2.8160622877550274 9.403582855760774 9.4388255853003677e+00 9.495266928663202 9.649196789604744   
59 649 0.01591907198199967 2.86432939659997 9.320601654142145 9.3206016541421448e+00 9.485824300724564 9.659571560747196   
60 660 0.015803008458235603 2.9526499679923948 9.312616160014777 9.3126161600147768e+00 9.414278426370174 9.511252938647328   
61 671 0.01488611269096363 3.012432160902593 9.312616160014777 9.3419102306034976e+00 9.40884772684501 9.556297942033837   
62 682 0.014405508396604679 3.0560341322484255 9.309647964855532 9.3096479648555324e+00 9.422516519020762 9.612025853586111   
63 693 0.014257861116383866 3.1157786089944848 9.274475816290783 9.2744758162907832e+00 9.324249113865838 9.464590518650217   
64 704 0.014160811167327121 3.2867008796286914 9.196519543899358 9.1965195438993579e+00 9.330835585852174 9.546215812438748   
65 715 0.014593448770278294 3.3467705312058875 9.196519543899358 9.2198951603002914e+00 9.287064096608416 9.325442799304843   
66 726 0.016078051471087065 3.474330391133748 9.155915955992832 9.1559159559928318e+00 9.217661161936636 9.394213019928463   
67 737 0.017696116482071225 3.6984455302155714 9.135901674795763 9.1359016747957629e+00 9.200918715218807 9.446915079567965   
68 748 0.01861447406987926 4.123659209426178 9.122811285843207 9.1228112858432073e+00 9.231930119594505 9.460334058545964   
69 759 0.018542419191334432 4.474416529763617 9.110393457202008 9.1103934572020080e+00 9.240685559515486 9.547970788042722   
70 770 0.018104288646762712 4.674779328445109 8.99383727850256 8.9938372785025607e+00 9.157006665750414 9.461390632931877   
71 781 0.01969256121510421 4.7869820716405185 8.899068419539383 8.8990684195393825e+00 9.122476562765643 9.246487300275438   
72 792 0.021887997914810907 5.062211526540676 8.828810931274594 8.8288109312745942e+00 9.037185189541702 9.332426006066951   
73 803 0.023755474271621453 5.345663708205226 8.828810931274594 8.9451097965446849e+00 9.103228784648664 9.318706550462558   
74 814 0.025609993355565616 5.6076518521552305 8.828810931274594 8.8983095449945893e+00 9.116930774441148 9.392200596519736   
75 825 0.025747780904424897 6.052745358252559 8.715324174510716 8.7153241745107159e+00 9.003364260031868 9.527516166217895   
76 836 0.02634042165255521 6.26443334631489 8.715324174510716 8.7254174432910752e+00 8.912830871590671 9.518263797261488   
77 847 0.028265964009371765 6.288730236380358 8.561219204991541 8.5612192049915414e+00 9.02268278874379 9.784578345487105   
78 858 0.028474802980418292 6.412561376004501 8.494717355659773 8.4947173556597733e+00 8.965683324890309 9.445394238593007   
79 869 0.028738665780876933 6.409171665021914 8.494717355659773 8.5604214885476395e+00 8.902273583398648 9.92439257867599   
80 880 0.028807292784215528 6.5428030333981395 8.494717355659773 8.5970460231752632e+00 8.820489093891005 9.042480805264692   
81 891 0.029321694737648757 6.635998852627148 8.494717355659773 8.5069229031161253e+00 8.761155451970382 9.414777472546973   
82 902 0.02883228611759853 6.645220124640754 8.468997742010115 8.4689977420101155e+00 8.787049513783968 9.525611424772862   
83 913 0.0272611298814391 6.71583800914904 8.468997742010115 8.4826838136656963e+00 8.734231429621158 9.16010443336738   
84 924 0.027395323557559057 6.611100131046257 8.406637477864965 8.4066374778649653e+00 8.728503626609681 9.001170781240688   
85 935 0.025480917351016576 6.359259204069121 8.406637477864965 8.4361242550728708e+00 8.651342140391204 9.057906553808284   
86 946 0.024740199898290165 6.35855950976489 8.406637477864965 8.5188988109352142e+00 8.847761279571817 8.967487415314492   
87 957 0.024662035643360957 6.217472296068008 8.29230499457288 8.2923049945728806e+00 8.721622438383053 9.019955070022817   
88 968 0.02439726212665304 6.32132519428451 8.29230499457288 8.3176847494796213e+00 8.582486727447044 9.851956190267162   
89 979 0.0241596242399635 6.489802120036915 8.268368723207816 8.2683687232078160e+00 8.537225544219949 8.865484319066294   
90 990 0.02275707061912406 6.693501556056668 8.23923617102972 8.2392361710297202e+00 8.375039135240115 8.829748515009593   
91 1001 0.02177716801173928 6.560809679579499 8.20799530228643 8.2079953022864292e+00 8.427176533973935 8.613104660030418   
92 1012 0.02108146131016171 6.612473822931029 8.20799530228643 8.2149760507740766e+00 8.347531427315742 8.76370798327543   
93 1023 0.020147944461772805 6.556605017430147 8.179338592631868 8.1793385926318685e+00 8.26780841476343 8.46793858568865   
94 1034 0.019653630082494745 6.545105126417288 8.15945148169674 8.1594514816967401e+00 8.366067626939122 8.53319713952542   
95 1045 0.018979012959345187 6.472801663705924 8.111889238908933 8.1118892389089332e+00 8.392117879738137 8.7171197253638   
96 1056 0.018670036436630528 6.278059246559283 8.058824211918838 8.0588242119188376e+00 8.280539913163434 8.472144190963544   
97 1067 0.017282713106911627 6.303392096205242 8.058824211918838 8.1009021034553896e+00 8.208452025301408 8.411155737017992   
98 1078 0.017567449992388965 6.17400934316503 7.984210523735981 7.9842105237359808e+00 8.193489332806376 8.472771968731177   
99 1089 0.01794234279057317 6.370546255251779 7.888656151400322 7.8886561514003217e+00 8.123621770788631 8.265791470159233   
100 1100 0.017977179997590964 6.513685938208189 7.888656151400322 7.8966444258524593e+00 8.073362053358874 8.190049685241682   
101 1111 0.019545141331235444 6.54155872331815 7.861988197971113 7.8619881979711126e+00 7.976655105317108 8.188636231863006   
102 1122 0.021041053017638284 6.635180789302169 7.8269713321400145 7.8269713321400145e+00 7.959741984159248 8.200043377721995   
103 1133 0.02329498111956876 6.684546228253808 7.795642087823335 7.7956420878233352e+00 7.934497315553058 8.24533134067172   
104 1144 0.023227598332260294 6.884896936996603 7.795642087823335 7.8545883584269882e+00 8.109085686034005 8.462077699014555   
105 1155 0.023566451063983515 6.829844971891854 7.770195061237491 7.7701950612374908e+00 7.9328382521854275 8.345845200508721   
106 1166 0.02385218048436803 6.851099916165273 7.770195061237491 7.7769168673323605e+00 7.992232652212217 8.26453117687443   
107 1177 0.025323020586928723 7.332137525165773 7.658969238981552 7.6589692389815518e+00 7.849385817300525 8.472647905080002   
108 1188 0.025462075369280742 7.513419817730137 7.658969238981552 7.7439601547027674e+00 7.8858386439472685 8.6666885392618   
109 1199 0.024757959961926135 7.6118485715956 7.558382804783126 7.5583828047831263e+00 7.99236739536161 8.262815000748356   
110 1210 0.02409828903361096 7.870791950720776 7.558382804783126 7.6361490888753067e+00 7.864295254576259 8.671165694800493   
111 1221 0.02311318531296701 7.9859184032215484 7.540293021021041 7.5402930210210410e+00 7.86848372213052 8.039467165895953   
112 1232 0.024066019460627308 8.168741132166 7.431024211365504 7.4310242113655036e+00 7.801418140177637 8.58200359990867   
113 1243 0.023806119361857843 8.043613091022802 7.431024211365504 7.5171069732177367e+00 7.717376302301547 8.31255361927268   
114 1254 0.023472851982177894 8.165786944548662 7.431024211365504 7.5406752539787769e+00 7.635617979508032 8.238535523106586   
115 1265 0.02304348983513476 7.956695935612182 7.431024211365504 7.6102576924420511e+00 7.785856783397022 8.118945469669548   
116 1276 0.021524183427340627 7.924316040715677 7.431024211365504 7.4947752356014554e+00 7.703125943430802 8.19731605973724   
117 1287 0.020831888134672308 7.872360164076253 7.431024211365504 7.4499511098736537e+00 7.654133012678647 7.848622888837774   
118 1298 0.01891070919255912 8.056263396850985 7.347578424412825 7.3475784244128253e+00 7.562368788922114 8.099321889746557   
119 1309 0.019280855557630323 7.814554199720637 7.329866839123084 7.3298668391230839e+00 7.42356496659153 7.632989051183593   
120 1320 0.019364352322924893 8.099534315234019 7.274302773377775 7.2743027733777748e+00 7.4371611983359704 7.667307715437684   
121 1331 0.021125829272726614 7.9403665439771745 7.238930467762343 7.2389304677623434e+00 7.35596875453898 7.486371171211755   
122 1342 0.02195022936169019 8.22669035180217 7.1653051147784215 7.1653051147784215e+00 7.3837308502061365 7.548837374394942   
123 1353 0.020958400598952508 8.1913820018922 7.1653051147784215 7.1720389737024570e+00 7.349746282903126 7.4548025478045385   
124 1364 0.02002721219965339 8.021414379264177 7.116243548472933 7.1162435484729327e+00 7.302797829884912 7.45567437983705   
125 1375 0.019806224926948203 8.153665924681523 7.109985565877348 7.1099855658773476e+00 7.2195249227611455 7.401761759217136   
126 1386 0.021087450586433198 8.199834077159156 7.109985565877348 7.1333155321532500e+00 7.282233849659218 7.538903779547482   
127 1397 0.02255913172992688 8.305618618341871 7.012484082166432 7.0124840821664316e+00 7.19317236342542 7.334634713286024   
128 1408 0.02283369707328894 8.717194718021172 7.012484082166432 7.0765715847993764e+00 7.145696299464074 7.447726649880966   
129 1419 0.022862371780561424 8.757797478295629 6.993018776655408 6.9930187766554077e+00 7.197460316352704 7.39693527111795   
130 1430 0.023546867216695577 8.772325259843244 6.993018776655408 7.0012404294152208e+00 7.095562664801026 7.535719824171232   
131 1441 0.02338492559980726 8.56820225341426 6.889543379562622 6.8895433795626220e+00 7.041591196633457 7.408023084218505   
132 1452 0.02426701510327687 8.501823097024552 6.797572551957767 6.7975725519577672e+00 7.065593754558567 7.439696525501273   
133 1463 0.026225130176052436 8.59229660116976 6.726778348499238 6.7267783484992378e+00 6.90834723902836 7.080390365905984   
134 1474 0.02474094998610114 8.878741201266381 6.726778348499238 6.7544696728060316e+00 6.980916987635219 7.22254837389203   
135 1485 0.02437390941393102 9.044414116030826 6.726778348499238 6.7662681339235613e+00 7.010654677922504 7.2738750615152865   
136 1496 0.02349028016560779 9.295044923438967 6.536783915351665 6.5367839153516654e+00 7.085815214622173 7.522390486650418   
137 1507 0.024417062519398083 9.218196844652782 6.536783915351665 6.6264676325051370e+00 6.814834519492564 7.159603782249102   
138 1518 0.022452026572060708 9.144105800562727 6.536783915351665 6.6358630759398505e+00 6.812989765407587 7.4722216554226675   
139 1529 0.022339405463516007 9.228961622581366 6.536783915351665 6.6157888635425852e+00 6.7473182485863585 6.93071612033645   
140 1540 0.022977099864270423 9.452317894755303 6.536783915351665 6.5588509713743939e+00 6.741084869731295 7.165730912600574   
141 1551 0.023088608701293027 9.386697802363908 6.536783915351665 6.5854834217308085e+00 6.724647160543667 6.964589242082381   
142 1562 0.024607626103381363 9.30932963191865 6.449742913557776 6.4497429135577757e+00 6.702935870340463 7.111682265319833   
143 1573 0.024305941163497644 9.241880150236417 6.36417523827976 6.3641752382797598e+00 6.703763841811017 7.095465891392455   
144 1584 0.023907029439259257 9.159424005739716 6.36417523827976 6.4311413085732019e+00 6.574613772360623 6.880362992670152   
145 1595 0.025010039985280817 9.043587531473582 6.354341931459876 6.3543419314598761e+00 6.647378170301156 6.89400646188838   
146 1606 0.025711113797862443 9.009435940010261 6.354341931459876 6.4007954383230530e+00 6.583111628408429 6.768321381323942   
147 1617 0.02593228120196549 9.111818066144075 6.354341931459876 6.3710304421821595e+00 6.593114934746148 7.008227788825769   
148 1628 0.02434723937384644 9.13468470639777 6.354341931459876 6.5647603988254364e+00 6.679403914193575 6.906856372759161   
149 1639 0.023517454587192455 8.982603632571031 6.285465367417431 6.2854653674174310e+00 6.538620393941894 7.405611959890862   
150 1650 0.022800077259921194 9.179790082804937 6.285465367417431 6.3293750408229972e+00 6.482882444752589 6.866838919381691   
151 1661 0.02426772259056905 9.158834307349492 6.116031158171313 6.1160311581713129e+00 6.422507905166226 6.543669494123758   
152 1672 0.026955612627449204 9.467532439349739 6.060748486373568 6.0607484863735683e+00 6.310522475431673 6.614636827017942   
153 1683 0.02714528820756252 9.937302799969453 6.060748486373568 6.1742207637187327e+00 6.368931246092288 6.932613371518664   
154 1694 0.027031069282881102 9.819736163537788 6.060748486373568 6.1936616556130479e+00 6.435716269277412 6.6225071785048595   
155 1705 0.027147206165090015 9.495897449473707 6.011690928268847 6.0116909282688473e+00 6.265824309701662 6.764337234628936   
156 1716 0.026286653601902455 9.823757384114204 6.011690928268847 6.0751705218676157e+00 6.247853386848485 6.46105255048866   
157 1727 0.02635089610441186 9.825354066335615 6.011690928268847 6.1045769112109074e+00 6.2140077754429806 6.634909135220266   
158 1738 0.025977660933761748 9.838799351169296 6.011690928268847 6.0161993013688768e+00 6.365405997184051 6.604118575490016   
159 1749 0.027714653962783584 9.99927931601461 6.011690928268847 6.0159634122202021e+00 6.109201765169673 6.757932014716673   
160 1760 0.029210681690287198 9.954935841064525 5.885959835177307 5.8859598351773066e+00 6.1143120931779436 6.493708890696528   
161 1771 0.030818932392828093 9.906068880053963 5.798522222993406 5.7985222229934061e+00 6.106083629317384 6.643224975821559   
162 1782 0.03220434791309494 9.818117314846315 5.798522222993406 5.8678093760058596e+00 5.967905238988115 6.3376129660623794   
163 1793 0.030151961457821706 9.6872959407434 5.798522222993406 5.9350010519043597e+00 6.172472190425752 6.893235077112029   
164 1804 0.02706340688327317 9.571731148553026 5.798522222993406 5.9759285412427490e+00 6.172241609775886 6.594355343424826   
165 1815 0.023371299461755344 9.690039360181594 5.798522222993406 5.8615735292471136e+00 5.997331096922506 6.303922129393368   
166 1826 0.022552438988380136 9.746244012058158 5.798522222993406 5.8269971461982548e+00 5.976904486403608 6.155780016449894   
167 1837 0.023325573619060364 9.787739848455649 5.677486656974709 5.6774866569747093e+00 5.9188441566152985 6.031430541801486   
168 1848 0.02455619264317747 9.91919829111356 5.677486656974709 5.6930500226932157e+00 5.905203724251166 6.058982784028642   
169 1859 0.027099924816826375 9.880639559785344 5.6578232548545895 5.6578232548545895e+00 5.816838601017233 6.164345285004774   
170 1870 0.028608520701904845 10.179329258597777 5.546805187253253 5.5468051872532529e+00 5.796850057971989 6.656729639817755   
171 1881 0.027704238361693362 10.28969370166163 5.546805187253253 5.6850844392757924e+00 5.8971078830731125 6.0274729249194205   
172 1892 0.026654593800874975 10.351281443951596 5.546805187253253 5.6553092109708993e+00 5.811230686849952 6.042056911421762   
173 1903 0.026276732881842558 10.0571320444969 5.546805187253253 5.5903105319432242e+00 5.8092323693405605 5.932459497405771   
174 1914 0.02561386236867289 10.296017620199478 5.527456936730243 5.5274569367302426e+00 5.664175068315883 6.070625419629069   
175 1925 0.024979892138603615 10.43403736738307 5.474986489737736 5.4749864897377361e+00 5.696588058608787 5.822033152541158   
176 1936 0.024869773103612946 10.290470392681266 5.474986489737736 5.4881838279828328e+00 5.66840395120782 5.921389433041433   
177 1947 0.024733261928346455 10.098436797064227 5.462840382847578 5.4628403828475776e+00 5.640162412169779 5.957612594805857   
178 1958 0.02337114646067347 10.031490564703045 5.427859069634245 5.4278590696342448e+00 5.621873895698525 5.809669231170843   
179 1969 0.02300683879044676 9.771493333418777 5.42225270404271 5.4222527040427098e+00 5.520350694618577 5.681328808059344   
180 1980 0.02235245339893491 9.59954515613491 5.394705154072801 5.3947051540728008e+00 5.503924891250049 5.711041369856542   
181 1991 0.021841961759171424 9.346432847876763 5.339305870707909 5.3393058707079089e+00 5.468656306815256 5.724384219816415   
182 2002 0.022308432985830826 9.19429664366415 5.339305870707909 5.3557443449903435e+00 5.4190446148224085 5.564974189467083   
183 2013 0.02211308570186497 9.490140360736333 5.298258887889278 5.2982588878892782e+00 5.400169456489773 5.537652916041111   
184 2024 0.021791072365592648 9.395657545207811 5.273773010217123 5.2737730102171234e+00 5.341094696422047 5.441089198462428   
185 2035 0.022870506475540283 9.708965802587988 5.081119560214497 5.0811195602144972e+00 5.338795742465409 5.470188862716812   
186 2046 0.022246218371224036 10.329821598123115 5.081119560214497 5.2648196997282355e+00 5.395486079646109 5.599647415624058   
187 2057 0.02129631262137638 10.463339622386181 5.081119560214497 5.2678841882857412e+00 5.390298037889785 5.740242729076077   
188 2068 0.02104060819800225 10.291598161554111 5.081119560214497 5.1676251419533985e+00 5.278304395800456 5.924723748237537   
189 2079 0.02111923841794417 10.289995897965 5.081119560214497 5.0961844857208858e+00 5.323277961444247 5.511278186639041   
190 2090 0.022121614028852266 10.724587271842882 4.989947062788357 4.9899470627883566e+00 5.241099277649199 5.35477298591157   
191 2101 0.02414696505178225 11.196808624629215 4.917932306885158 4.9179323068851577e+00 5.155913584604024 5.418734795965734   
192 2112 0.027875013096103688 11.323802423664425 4.882241568616968 4.8822415686169682e+00 5.071299766467435 5.278488269824343   
193 2123 0.029260919730383708 11.633663879723077 4.882241568616968 4.9367748663089657e+00 5.058798535734032 5.690463648793597   
194 2134 0.03017072803331294 11.100867594668781 4.8055964784704335 4.8055964784704335e+00 5.062573405866386 5.3416125183614405   
195 2145 0.03241540972577077 11.456710328327576 4.8055964784704335 4.8944850128768600e+00 5.05864438904815 5.295554103799135   
196 2156 0.034641901715377836 11.503098288763416 4.8055964784704335 4.8928105514403768e+00 4.977853028359268 5.330937349955662   
197 2167 0.03642778074174549 11.76155909553118 4.8055964784704335 4.8158194355613029e+00 5.3261316609332985 5.674401916895351   
198 2178 0.037752577360441984 11.60495316115351 4.583429793140985 4.5834297931409846e+00 5.289271252400452 6.3973099837070215   
199 2189 0.038582290545348154 11.670114560361865 4.583429793140985 4.7716613873851506e+00 5.185886265740507 5.446832905791835   
200 2200 0.04011428528052067 11.543331621036117 4.583429793140985 4.7769191778397424e+00 4.9184499368202665 5.653126310902121   
201 2211 0.0412363681127685 11.317631573532339 4.583429793140985 4.7365593530396648e+00 5.200625603304136 5.472963149320125   
202 2222 0.03881893574172262 11.298246151450055 4.583429793140985 4.9344129057714099e+00 5.046164527725527 5.496522207740656   
203 2233 0.03483055192692195 11.241898496586906 4.583429793140985 4.7363560321382385e+00 5.060998221651474 5.515240045404388   
204 2244 0.033282692396591006 11.078584413765583 4.5495761908564925 4.5495761908564925e+00 4.8569753495032035 5.427514865293605   
205 2255 0.0302769803978126 10.86693672750279 4.51059589779769 4.5105958977976899e+00 4.7470968575584305 5.130824098757159   
206 2266 0.028099980816635985 10.659568925596547 4.459324138946542 4.4593241389465419e+00 4.820717371650714 4.996175603454109   
207 2277 0.026380136043224995 10.332962537815522 4.459324138946542 4.4933560986461583e+00 4.635761054955993 4.977050484817118   
208 2288 0.025378322040543223 10.368463010270148 4.4308517738640925 4.4308517738640925e+00 4.609408890910759 5.042509077701368   
209 2299 0.02451540566286826 10.313962271026378 4.4308517738640925 4.4502718517824729e+00 4.632302799795982 4.836539711776483   
210 2310 0.02391588507026887 10.303963965470523 4.4308517738640925 4.4424281644281649e+00 4.489783827335278 4.759907760112235   
211 2321 0.023977488511508632 10.085421295667777 4.405539035725452 4.4055390357254520e+00 4.4950354598206905 4.647372802628194   
212 2332 0.022881519011947543 9.66442146491656 4.397623249929518 4.3976232499295183e+00 4.530953514483201 4.7403100668621025   
213 2343 0.022061278541749947 9.134815878527549 4.334408335347309 4.3344083353473088e+00 4.5311231668401755 4.645442587808577   
214 2354 0.021691394466501247 9.153225634015346 4.242829034372913 4.2428290343729129e+00 4.409439378536499 4.533944959399536   
215 2365 0.02207389400023509 9.285261724600817 4.242829034372913 4.2782101653706679e+00 4.371903107071282 4.460995741412039   
216 2376 0.023390049967315644 9.284239270770719 4.174638013749992 4.1746380137499921e+00 4.388974005665611 4.52223700942321   
217 2387 0.0234346070151567 9.380140647132878 4.174638013749992 4.1996432894976277e+00 4.291809601209418 4.464246186294932   
218 2398 0.023171571374117822 9.205161290905963 4.1650114960845395 4.1650114960845395e+00 4.298257867911434 4.659764618980745   
219 2409 0.02217116169727362 9.227653529554601 4.1650114960845395 4.1752901816363437e+00 4.233886176673419 4.34860831609224   
220 2420 0.022214431037870793 9.296548662146495 4.1650114960845395 4.2040007735803275e+00 4.28971390271302 4.346929742282219   
221 2431 0.02118868747920556 9.474434400332255 4.116262452175559 4.1162624521755591e+00 4.314562672062926 4.441218705549883   
222 2442 0.020829374837130626 9.416557432758625 4.089597841345774 4.0895978413457739e+00 4.206897058748064 4.381138126986215   
223 2453 0.019785418212932265 9.64186059786835 4.089597841345774 4.1391978408926162e+00 4.223473239100894 4.321044276810332   
224 2464 0.018465365775297872 9.765623906690625 4.066032319702227 4.0660323197022272e+00 4.175527959382352 4.2759211703349   
225 2475 0.018016204985305904 9.619338469120152 4.051619051434019 4.0516190514340193e+00 4.082583693308672 4.174102321228139   
226 2486 0.017595866759193952 9.874717538482903 4.003043968211602 4.0030439682116024e+00 4.105130471126811 4.232965169510257   
227 2497 0.01782933721118023 9.941129055513096 3.9939115384112083 3.9939115384112083e+00 4.051784277051863 4.161096599627598   
228 2508 0.019406570930114844 10.116862177142826 3.9463966672795787 3.9463966672795787e+00 4.071875810291612 4.138030937118852   
229 2519 0.02132557451655849 10.073810599387135 3.879506866214996 3.8795068662149959e+00 3.9970516542954306 4.10287223809658   
230 2530 0.02403997372790007 10.486421041910063 3.824046026899107 3.8240460268991070e+00 3.975998874702187 4.068098041594902   
231 2541 0.026309660170352904 10.335336656978896 3.8080540163789403 3.8080540163789403e+00 3.9637660640457204 4.16153920805501   
232 2552 0.027194727413477227 10.754812104306112 3.7986930043587965 3.7986930043587965e+00 3.943329670071128 4.40383173101819   
233 2563 0.029087126482725066 11.144361886495904 3.7986930043587965 3.8593044946314654e+00 3.9604523135442973 4.1750888186444435   
234 2574 0.031277280315658955 11.452006754923152 3.7986930043587965 3.8162890633321815e+00 3.934253304462409 4.157505189462156   
235 2585 0.03192018812236539 11.77642238809601 3.7195124804154465 3.7195124804154465e+00 3.9125410945470556 4.448124212818824   
236 2596 0.0336925433258584 12.053501903405321 3.7040751451075673 3.7040751451075673e+00 3.8792327467772574 4.206974402425729   
237 2607 0.0342178534661143 12.53054640725355 3.58367358597031 3.5836735859703102e+00 3.841033792450508 4.376044184697313   
238 2618 0.03502185222628654 12.871934169231679 3.58367358597031 3.6271002713555460e+00 3.73860567805954 4.071754143512844   
239 2629 0.034658141623738536 12.797540689499868 3.58367358597031 3.6671906436913573e+00 3.778579066136405 4.186503004892364   
240 2640 0.03606641873717624 12.71070890377287 3.58367358597031 3.6048135623177844e+00 3.747040996873368 4.086475175472792   
241 2651 0.033522973479290216 13.252224579940892 3.5125727339115853 3.5125727339115853e+00 3.8089833635297703 4.407828776504509   
242 2662 0.0321028545525245 13.480856496472645 3.5125727339115853 3.5656969297507652e+00 3.7245307322297743 4.082413929203972   
243 2673 0.030665295383421103 13.43760308027478 3.5125727339115853 3.5432406856314360e+00 3.7142943359560174 4.072819454782823   
244 2684 0.03005724777508655 13.423005879856847 3.5125727339115853 3.5854812432514112e+00 3.654919613537552 4.086479943909206   
245 2695 0.02847572477130076 12.976744359993688 3.5125727339115853 3.5403503621554551e+00 3.6700119601410788 4.10383914745435   
246 2706 0.02691034372191164 12.858062275425574 3.45334794336655 3.4533479433665502e+00 3.5779149799066845 3.8217465886610165   
247 2717 0.02657815903121314 13.168255926915537 3.374348820537217 3.3743488205372172e+00 3.5424555325823026 3.6576354766468544   
248 2728 0.02549638649638732 13.609854824413372 3.33777376902927 3.3377737690292699e+00 3.5416331778609944 3.8453866627839832   
249 2739 0.024139966856506052 13.417772738700053 3.33777376902927 3.3380846574996541e+00 3.4786865375534726 3.6291726894561327   
250 2750 0.023926040815718252 13.736800324891705 3.2994026554561655 3.2994026554561655e+00 3.4604771370786493 3.6567375740810255   
251 2761 0.024937952982630646 14.365564077010376 3.246748029491622 3.2467480294916218e+00 3.3547712578438857 3.6684551411801003   
252 2772 0.025990629677906663 14.08535348265908 3.1374787349101947 3.1374787349101947e+00 3.364482640554466 3.5109387847653775   
253 2783 0.027143051455005552 13.458970143112326 3.1374787349101947 3.1918462594390911e+00 3.2677265936808264 3.4419473260326297   
254 2794 0.028967236928115616 13.381004691054708 3.1374787349101947 3.1897688514181128e+00 3.31039874165877 3.4669793098293495   
255 2805 0.030300928076755506 13.68473244644661 3.092343634598635 3.0923436345986350e+00 3.294600404967717 3.827345058201665   
256 2816 0.03051469496114782 13.924166765772819 3.0830588889735777 3.0830588889735777e+00 3.175952498668948 3.3812412918866537   
257 2827 0.02991183371278827 13.666564761266349 3.0830588889735777 3.0969893186871018e+00 3.1799531426083405 3.286740561087119   
258 2838 0.03057458067696903 13.68848354660694 2.972578965595112 2.9725789655951118e+00 3.1242217159685737 3.416904037009938   
259 2849 0.03164032408173954 14.754468324920936 2.9011629691731198 2.9011629691731198e+00 3.156757529201731 3.2997583278336604   
260 2860 0.03155385867154145 14.892543585540004 2.9011629691731198 2.9602855905512624e+00 3.0979618081738507 3.9206747564501434   
261 2871 0.03044953989882086 14.76352405124705 2.88523984909771 2.8852398490977098e+00 3.22953441108324 3.5097040436633806   
262 2882 0.0312895951992202 14.668568618341872 2.815843865872686 2.8158438658726861e+00 3.0016135128227717 3.4352524979074963   
263 2893 0.03148716753325957 14.128333922763188 2.815843865872686 2.8256408182968142e+00 2.923035044852787 3.418682228340709   
264 2904 0.03204577953948112 14.374087378137446 2.725615305487466 2.7256153054874659e+00 2.927824458143614 3.202956514090518   
265 2915 0.030471535552146385 14.65784487443306 2.725615305487466 2.7765449487431049e+00 2.9589576785983347 3.1415779496789833   
266 2926 0.03212388670845057 14.589688467150937 2.725615305487466 2.8213027505729591e+00 2.9661647478348674 3.344045315354667   
267 2937 0.032146427843113355 14.116953523060022 2.725615305487466 2.7602664927246741e+00 2.9866975203074144 3.164327675172799   
268 2948 0.03352030969632936 13.418373739952784 2.6397113930305327 2.6397113930305327e+00 2.850928850737688 3.172273707947669   
269 2959 0.03734742227996967 13.262898460111929 2.560675325687334 2.5606753256873338e+00 2.784485626603041 3.0910806346501465   
270 2970 0.0405190778833058 13.950993374537074 2.560675325687334 2.5707566190035021e+00 2.7381934213451924 3.122418268807972   
271 2981 0.04250955783327582 13.89446111080816 2.560675325687334 2.6524541757094582e+00 2.916921693260944 3.2151584887222247   
272 2992 0.041878797717846174 13.417023873136905 2.548360279663158 2.5483602796631581e+00 3.0283412026613403 3.4896716128906133   
273 3003 0.041409644617077475 13.420340120066959 2.548360279663158 2.6417758271126015e+00 3.050781556864628 3.258270420193729   
274 3014 0.04259823936290073 13.36434572597493 2.548360279663158 2.6103010068014885e+00 2.7879984696452693 3.483178295165539   
275 3025 0.041178830844176284 13.59233813025607 2.5118262677344645 2.5118262677344645e+00 2.6831959017081446 2.918439320709573   
276 3036 0.04212550261720749 13.635159899019246 2.3153048242427268 2.3153048242427268e+00 2.588449377645357 3.3051581987853362   
277 3047 0.04456419375077754 13.44574755501369 2.3153048242427268 2.4490490067509110e+00 2.5659938741865016 2.864539183052747   
278 3058 0.04490715363040581 13.387154175769863 2.3153048242427268 2.4599989405288660e+00 2.779040910111209 3.2453917841803097   
279 3069 0.044479406377325774 13.105604478833826 2.3153048242427268 2.5509136675886701e+00 2.7226556626679437 3.247059697816201   
280 3080 0.0436718630700197 13.397049149495858 2.3153048242427268 2.5080402273535487e+00 2.742299219436389 4.069505234503277   
281 3091 0.043156827913947524 13.274021025174054 2.3153048242427268 2.5765504982314784e+00 2.755210332292661 3.177558757351256   
282 3102 0.041770122317797 12.932799742678002 2.285525426302724 2.2855254263027240e+00 2.910971409375988 3.387284637711643   
283 3113 0.040689623123881476 12.713726301358138 2.285525426302724 2.5173224411993775e+00 2.7284715416583016 3.0704226767378575   
284 3124 0.03851690137084966 12.732264638978675 2.285525426302724 2.5278518681989719e+00 2.7074345996300204 3.3050147025464662   
285 3135 0.035264761504238365 12.865979931897305 2.285525426302724 2.2887180258270856e+00 2.554111742514929 2.8679850920358136   
286 3146 0.03373803925349368 13.14129157674621 2.285525426302724 2.2893118529068142e+00 2.519766523885621 2.7324576351415777   
287 3157 0.03479183464703456 12.995233109392325 2.244013201710092 2.2440132017100920e+00 2.512878080808044 2.6836499375814444   
288 3168 0.03165077120351908 13.00125297946828 2.244013201710092 2.2700684063149099e+00 2.415940418615999 2.7543292810863127   
289 3179 0.030753906231433925 12.859339119434859 2.179438422081928 2.1794384220819278e+00 2.281848164259793 2.6258741684101468   
290 3190 0.02959132375936004 12.896765895321485 2.135883836594696 2.1358838365946959e+00 2.3558616981234595 2.5112826762200924   
291 3201 0.029288184134670287 13.020629878290936 2.0602605423663047 2.0602605423663047e+00 2.2741565651538007 2.4776024866067186   
292 3212 0.029725246083784712 13.378296534647902 2.0602605423663047 2.0852015534025901e+00 2.2695485858797686 2.4355394821471137   
293 3223 0.02775861532495155 12.82478062847389 2.0556345326468675 2.0556345326468675e+00 2.263428102209236 2.3691204702923168   
294 3234 0.027382193585935213 13.036418860476187 2.0556345326468675 2.0806235043121859e+00 2.139916572999029 2.3445313080408225   
295 3245 0.028870544433929817 13.13292671987754 1.969903412226751 1.9699034122267509e+00 2.127534158221785 2.414049853408614   
296 3256 0.030487755553109005 13.292325003853374 1.9541366029694092 1.9541366029694092e+00 2.12108027233199 2.3145070293807466   
297 3267 0.03248692842329695 13.31691417757855 1.9541366029694092 1.9785368876872640e+00 2.093847086070798 2.331851363318266   
298 3278 0.031309308610203104 13.156803092058178 1.9415800298782524 1.9415800298782524e+00 2.0612559266001202 2.393754178530138   
299 3289 0.031638104805856965 13.098788896391584 1.9415800298782524 1.9768148573791895e+00 2.089010335215226 2.351028771937778   
300 3300 0.03373977013262818 12.956404254629687 1.8547688557091622 1.8547688557091622e+00 1.9966349641804908 2.2406306777378138   
301 3311 0.03260719504740896 13.480257857152099 1.8547688557091622 1.9044386400907336e+00 2.091464044363993 2.3850128889305706   
302 3322 0.032544276154372824 13.496194139210647 1.8547688557091622 1.8837683065902477e+00 1.9847627121980702 2.1203215073882618   
303 3333 0.032044456882743697 13.72155602139586 1.835462226864296 1.8354622268642959e+00 2.0492891422078663 2.317216213605395   
304 3344 0.0303273842396842 13.740429056772983 1.835462226864296 1.8481276437384329e+00 1.9805478105810734 2.327756990967013   
305 3355 0.029921042790783125 13.580822648487095 1.7531108407703726 1.7531108407703726e+00 1.8900266176881941 2.004094250521658   
306 3366 0.02844510948410491 14.243076342785297 1.7384110244936721 1.7384110244936721e+00 1.86163959802581 1.9846812148350894   
307 3377 0.028900898043046037 14.269218304907191 1.7005958978168965 1.7005958978168965e+00 1.8002444843296246 1.9129398013215648   
308 3388 0.03021100797303305 14.493876134739804 1.7005958978168965 1.7689550031157435e+00 1.8360743942010571 2.2587616348339723   
309 3399 0.029501995306390815 14.89920454082558 1.7005958978168965 1.7369121445154727e+00 1.804787065836613 2.2278136921896325   
310 3410 0.02947117662180834 14.864499468696547 1.7005958978168965 1.7295005135431258e+00 1.8174355202855286 1.9324428782080507   
311 3421 0.02989370109294735 15.027072980100913 1.640218110153014 1.6402181101530140e+00 1.7538428953152974 1.9790780008000284   
312 3432 0.030709060583975607 14.784426165969972 1.6027071305400402 1.6027071305400402e+00 1.7601147444083902 1.9521733788252138   
313 3443 0.029115693655198033 15.027737668117354 1.6027071305400402 1.6415163381204301e+00 1.785274520797354 2.0933089125935997   
314 3454 0.0285748640690727 14.542730472156824 1.5178560906873537 1.5178560906873537e+00 1.712965287605197 1.8488343234582163   
315 3465 0.02771607809996146 14.160227380879538 1.5178560906873537 1.5311034836672133e+00 1.6638120553801796 1.7856966701719128   
316 3476 0.028365862550343606 14.38951124685797 1.5178560906873537 1.5491275687624770e+00 1.642150899671071 1.82787621397998   
317 3487 0.027851691872345888 14.222916399446577 1.468427922127165 1.4684279221271650e+00 1.6562918879772552 1.8022336541238275   
318 3498 0.027374836918972106 13.918029531577353 1.468427922127165 1.4824264742752811e+00 1.6111966787352905 1.7826549600744037   
319 3509 0.026821225017813238 13.837245846146294 1.4489265287295314 1.4489265287295314e+00 1.6086423278966908 1.9030964926030765   
320 3520 0.027434891822490322 13.649679562958914 1.4364863007589657 1.4364863007589657e+00 1.516526906991242 1.659321842791189   
321 3531 0.02899298088163887 13.155388710544608 1.3804616720403762 1.3804616720403762e+00 1.5391225532638133 1.6911697749076753   
322 3542 0.02775357017206609 13.401184558046145 1.3804616720403762 1.3880423955597450e+00 1.5103444803395147 1.6549006532370032   
323 3553 0.027332155029860986 13.631350997892325 1.3804616720403762 1.4151740686973167e+00 1.473226312508659 1.6542671398857287   
324 3564 0.027912420237120438 13.71850302522353 1.3060265108116025 1.3060265108116025e+00 1.3786178342636493 1.6185842377535402   
325 3575 0.027943894918693587 13.87927684656093 1.3060265108116025 1.3209961162574242e+00 1.432660994840904 1.7343926263769776   
326 3586 0.02982401223706151 13.741196788957485 1.2544548887307334 1.2544548887307334e+00 1.3704960397092645 1.4834616790664699   
327 3597 0.029922245728475877 14.102033347407152 1.1827118796254341 1.1827118796254341e+00 1.3573551984891847 1.4916382564908695   
328 3608 0.030379248468808878 14.011307170109381 1.1827118796254341 1.2288673041271321e+00 1.3394086360533723 1.5603437223593115   
329 3619 0.0296183414402689 14.326215447744817 1.1827118796254341 1.2763225165652079e+00 1.4090653762501382 1.494564349008663   
330 3630 0.029137036834740938 14.08552009258969 1.1817511021468765 1.1817511021468765e+00 1.2971382767086403 1.4759910494346489   
331 3641 0.028989245762764154 14.133466445882439 1.1529237478534637 1.1529237478534637e+00 1.2874857679554377 1.43618071969892   
332 3652 0.02761358245795716 14.381210558351345 1.1529237478534637 1.1729048361706602e+00 1.2354664838032083 1.4386399538654777   
333 3663 0.0300331176113382 14.539801022757564 1.0355779772859308 1.0355779772859308e+00 1.1975946509841584 1.3260760037077364   
334 3674 0.03277150431684958 14.785791979503932 1.0287739479423597 1.0287739479423597e+00 1.1176963497691472 1.175521344090309   
335 3685 0.03274534433151652 15.165589578767865 1.0287739479423597 1.0539579541489970e+00 1.2132954506610962 1.3673298021944167   
336 3696 0.03416038170560661 15.251718750253923 1.0287739479423597 1.1104887967420463e+00 1.1766428642566344 1.368429525996032   
337 3707 0.03525710347218288 15.731949525534402 0.939493412835568 9.3949341283556798e-01 1.1596672679399362 1.487558027867275   
338 3718 0.037355299520542305 16.352729893019397 0.9079404588668285 9.0794045886682850e-01 1.0724797680469604 1.3952883822724471   
339 3729 0.03819036758626978 16.82195803752582 0.9079404588668285 9.5435933137615825e-01 1.1275299792580578 1.4216294424662832   
340 3740 0.038145207301017864 17.176514706649943 0.9079404588668285 9.6257612737966791e-01 1.2059192629706459 1.35397001664545   
341 3751 0.038541555919376705 17.07142998595285 0.9079404588668285 9.8200195916012667e-01 1.2072921183253298 1.403413076314567   
342 3762 0.03758304610039723 16.77893445223414 0.9079404588668285 9.3980621508257312e-01 1.1202274161489583 1.3186141585890423   
343 3773 0.0362433028749141 16.742328086244054 0.8798555795370188 8.7985557953701876e-01 1.0414337055184992 1.4710731362536755   
344 3784 0.03564333376465868 16.598972856414427 0.8647151559657484 8.6471515596574844e-01 0.9379290727482323 1.0918717574979153   
345 3795 0.03639235715477592 16.52673453593103 0.7870566110336235 7.8705661103362345e-01 0.9899720022500174 1.2896426730020765   
346 3806 0.036076425299836894 16.416893853658532 0.7870566110336235 8.3804406768389994e-01 0.9420791184819091 1.3707120330815115   
347 3817 0.033680990855632476 16.672539363624864 0.7870566110336235 8.3347551825190214e-01 0.8884397982530998 1.131424595900394   
348 3828 0.033124982068869775 16.944442761272235 0.6883255542975482 6.8832555429754816e-01 0.8884367425585942 1.013552234571577   
349 3839 0.03403972887714684 16.893694103667098 0.6883255542975482 7.4452374314380132e-01 0.8561784260165269 1.0150906814562277   
350 3850 0.03542453723905754 16.495217433310444 0.672604224593806 6.7260422459380598e-01 0.8287094071096233 0.908874221218507   
351 3861 0.03598651985235652 16.77319326337532 0.6597883641624871 6.5978836416248710e-01 0.7959188099730408 1.2854643213750596   
352 3872 0.03855697035288142 16.919869546690656 0.6457992137714954 6.4579921377149541e-01 0.7714217149457842 1.093313866596102   
353 3883 0.04049989122657958 18.50052888314511 0.6425128001873297 6.4251280018732970e-01 0.7898072293796201 1.0028375989523655   
354 3894 0.041774994851716075 18.95379858949243 0.6317611092525569 6.3176110925255691e-01 0.8101991389849684 0.9071974019172897   
355 3905 0.040895998727891625 19.252342382281608 0.6317611092525569 6.6690726472519168e-01 0.8524112856342236 1.3009808883648726   
356 3916 0.03899316278133108 18.793268918241182 0.6317611092525569 7.0310378353245107e-01 0.8532461698088467 1.7621809170350284   
357 3927 0.037696556638148436 17.95782932894645 0.6229536616072916 6.2295366160729160e-01 0.7871641243951226 1.0293557267633506   
358 3938 0.0360635101260532 18.06694642233826 0.6229536616072916 6.4733683163314570e-01 0.7786142710343099 1.0790909088140332   
359 3949 0.03364826647846631 17.400680954531236 0.6229536616072916 6.6509076657695698e-01 0.7680500062645756 0.9002923097853165   
360 3960 0.032749518554913495 17.687439537223263 0.6032191252818004 6.0321912528180044e-01 0.698008052154486 0.9747635422663672   
361 3971 0.03474628634375731 17.175563340959865 0.5976374263486948 5.9763742634869477e-01 0.6900781131994874 0.8553378410592198   
362 3982 0.03343746990511771 17.119968539180178 0.5868610890787542 5.8686108907875423e-01 0.7295703501378271 0.9787612850921018   
363 3993 0.03147225827284675 16.93321548644958 0.4772893536513847 4.7728935365138470e-01 0.6362833241591173 0.8475744642982256   
364 4004 0.029669528039436097 16.679866750100594 0.4772893536513847 5.0618587811199722e-01 0.5667297959966104 0.7867415614648141   
365 4015 0.029274479914892442 16.264808995903778 0.4772893536513847 4.9298550240547634e-01 0.5630158198696895 0.6412667242969742   
366 4026 0.02869102236889191 16.439290182866674 0.4761644465956632 4.7616444659566320e-01 0.5338256585452685 0.643801306325249   
367 4037 0.02841271677637191 17.124547736497167 0.4439619669217535 4.4396196692175349e-01 0.5056978533755296 0.6681347533951632   
368 4048 0.028251361209643937 16.96155967444032 0.4323558312419715 4.3235583124197152e-01 0.5110077214789668 0.6196002772094485   
369 4059 0.028995301208541803 17.290480550184476 0.41864807144319144 4.1864807144319144e-01 0.48695141090049504 0.5580915822970023   
370 4070 0.029441580240431347 18.313127966255003 0.41864807144319144 4.2064735977068635e-01 0.5238921444743925 0.654329974498196   
371 4081 0.03100436553997222 18.988836887745773 0.38095857380514175 3.8095857380514175e-01 0.45584983536878243 0.6956493154123523   
372 4092 0.0337438495110518 20.173097912059532 0.3415292278684162 3.4152922786841622e-01 0.46290501990381616 0.666538745314817   
373 4103 0.034931118237509405 21.002380341125765 0.3415292278684162 3.4571813810923391e-01 0.4383761178342613 0.5608381497614536   
374 4114 0.03664926587818754 21.08222487265582 0.3415292278684162 3.4578038507282938e-01 0.43441373818608053 0.5991441189529152   
375 4125 0.03733277435374374 21.18240270942058 0.3415292278684162 4.1845348596876270e-01 0.5218793025841576 0.6354365159983122   
376 4136 0.03770053724112159 21.013167852031852 0.3415292278684162 3.8115659814529235e-01 0.5446873364985747 0.6491966193025126   
377 4147 0.03546783497005629 21.219067168788875 0.3415292278684162 3.9301266250097910e-01 0.44439834048272425 0.6756553300515591   
378 4158 0.03570429350049366 21.606328299680094 0.3415292278684162 3.6173185210018810e-01 0.41434093478467615 0.5373483200806699   
379 4169 0.037612441698946626 22.31906670673979 0.3415292278684162 3.6113000773322967e-01 0.4550026895994554 0.6726082192369272   
380 4180 0.03654554646639513 22.283146117800076 0.3415292278684162 4.0278316803137387e-01 0.524837211106347 0.7007225286284648   
381 4191 0.035070080442984014 22.43141977745431 0.2834422663996885 2.8344226639968850e-01 0.5059683830977055 0.6131384140656998   
382 4202 0.03590561860682244 22.386405685149956 0.24739923897017652 2.4739923897017652e-01 0.32070562672125785 0.7042034496814358   
383 4213 0.03300187873676811 23.08809668905123 0.24739923897017652 2.5878573768663271e-01 0.3331844577772597 0.6052601004351774   
384 4224 0.033650679770355046 22.90778200931287 0.23722034403024525 2.3722034403024525e-01 0.32855718874622564 0.5072820619100777   
385 4235 0.03118249383812068 23.00341194211759 0.23722034403024525 2.5481972466193986e-01 0.36713867099595354 0.636269163742538   
386 4246 0.030379428987631657 22.652760774922566 0.23722034403024525 2.7325747037925485e-01 0.3083909927845866 0.40527932570512737   
387 4257 0.029249860264716914 23.416027330216618 0.21338461905417372 2.1338461905417372e-01 0.3555374309828345 0.6282510442345848   
388 4268 0.02966879540288373 23.087966650883573 0.21338461905417372 2.1374135257184429e-01 0.31240303308435785 0.4461259426459654   
389 4279 0.029654484196759288 23.319685116429024 0.21338461905417372 2.3511612048809510e-01 0.28465972010736185 0.33314733494611937   
390 4290 0.02818533984305016 23.88340371001867 0.21338461905417372 2.3242927896787652e-01 0.3105525722809915 0.5098817221458692   
391 4301 0.02725668029360075 23.7294939005611 0.21338461905417372 2.6921829809855102e-01 0.3027153603291872 0.4189822581764179   
392 4312 0.02684705186239814 23.94309731529983 0.21338461905417372 2.1625346702902071e-01 0.3273314560138073 0.4170152025662608   
393 4323 0.025107602642025054 24.607694047242056 0.21338461905417372 2.2590647561345800e-01 0.3264517889010399 0.3672636970376198   
394 4334 0.023784163974915586 25.141657710740812 0.21338461905417372 2.3976232510877904e-01 0.29101026323531576 0.3307097815126382   
395 4345 0.02403967258134718 25.143732816195037 0.19873193293313238 1.9873193293313238e-01 0.28421395148318945 0.3705482777527901   
396 4356 0.023679178055906608 24.973128513302658 0.19873193293313238 2.0089765625837641e-01 0.2393442434117326 0.29452795063501624   
397 4367 0.02355415946178113 24.16914939620221 0.19606114687074133 1.9606114687074133e-01 0.23113171442874686 0.30490872929481716   
398 4378 0.02258210651852559 23.032322639547953 0.1681032402197962 1.6810324021979620e-01 0.2098121708097353 0.379774110870157   
399 4389 0.022106405727332794 22.130950486704357 0.160291938837672 1.6029193883767201e-01 0.19785141090874742 0.27326150996105036   
400 4400 0.02144572735121228 21.331381637122444 0.14606919758442738 1.4606919758442738e-01 0.1922331596648159 0.24215505769709933   
401 4411 0.021014865167253535 21.86377412378013 0.14606919758442738 1.4956032082353554e-01 0.18851059096765183 0.25674637107177   
402 4422 0.021179133183814848 21.931019929994548 0.14504408987311596 1.4504408987311596e-01 0.1885098257952768 0.25898077046573764   
403 4433 0.020890176334760428 21.543348863663493 0.14504408987311596 1.4971599414240355e-01 0.1825628438212167 0.2070662537914466   
404 4444 0.019789962274419173 21.714292714967282 0.11833067693788388 1.1833067693788388e-01 0.16749395161524094 0.23426711768038677   
405 4455 0.018232433477032493 21.882655148233614 0.11833067693788388 1.3955775320933775e-01 0.156415828427944 0.17716687383480761   
406 4466 0.017322460946850127 21.798949668051705 0.11833067693788388 1.3223065545019866e-01 0.1538241855228525 0.20227181914829595   
407 4477 0.016592000281009794 22.554548617096348 0.11833067693788388 1.2912972010356077e-01 0.14279568127261622 0.17617829541298174   
408 4488 0.016218370731893576 22.55537540017182 0.11297448651358413 1.1297448651358413e-01 0.13412215553794193 0.1752962368876278   
409 4499 0.016304654222023193 22.89812382258685 0.11218249530429812 1.1218249530429812e-01 0.1373540793786596 0.17131427881046374   
410 4510 0.01535615797033591 22.06475649039432 0.11218249530429812 1.1240149111430131e-01 0.13330643201698483 0.18539312087186344   
411 4521 0.014663461339884172 21.843133728223577 0.11218249530429812 1.1622144774116278e-01 0.13084285865200945 0.15783205386546192   
412 4532 0.015336652123505426 22.33418001514946 0.09974961640727653 9.9749616407276531e-02 0.12153176402341316 0.13647803522471127   
413 4543 0.015924819285788226 23.42374404370834 0.09974961640727653 1.0059186566752351e-01 0.11499709149891298 0.12485437265037491   
414 4554 0.017446925584616416 23.229388589096075 0.09333093249465774 9.3330932494657737e-02 0.10140785955062012 0.13204142260998614   
415 4565 0.01896550344884726 23.819258342011864 0.09333093249465774 9.4884990256188156e-02 0.11898439477524692 0.13439612610146448   
416 4576 0.021051075389934216 24.810742938693053 0.09155414460335681 9.1554144603356813e-02 0.10718019526093889 0.14056946574640977   
417 4587 0.021621736951571244 25.140137899815045 0.07399129284579785 7.3991292845797849e-02 0.10868441903493051 0.15120969034505374   
418 4598 0.022103478200080812 26.503556824333348 0.07399129284579785 8.9501770193246954e-02 0.11210530051768733 0.13941511678315688   
419 4609 0.020927810702226116 27.38308434911394 0.07399129284579785 8.0655384143074854e-02 0.09868268590660181 0.16980108716460407   
420 4620 0.01963354056169424 27.10805599362541 0.07399129284579785 7.9207947245968122e-02 0.09787226852608501 0.14187786005087916   
421 4631 0.017917597776481192 27.803219395647687 0.07399129284579785 7.4801400114997821e-02 0.0938132973614745 0.13020034057503665   
422 4642 0.017456092345787398 28.184951911554286 0.056596101674673605 5.6596101674673605e-02 0.10512415999096217 0.12441468083585047   
423 4653 0.016582588211042703 27.616580542228913 0.056596101674673605 6.4116219733400676e-02 0.07817265025284686 0.09243160114387203   
424 4664 0.01702033359269408 28.002357210208057 0.05366741786995568 5.3667417869955679e-02 0.07469673200178906 0.11769358339014074   
425 4675 0.01726964646981257 27.025873930023074 0.05366741786995568 5.9411615820708460e-02 0.06819992160121127 0.08121697798240177   
426 4686 0.015798713899297552 27.903246261959527 0.05366741786995568 6.3423560151453590e-02 0.08581612694821743 0.09258719247492411   
427 4697 0.014681808427848799 27.99004928154657 0.05366741786995568 5.7293817253877402e-02 0.06728199579012742 0.08130701272299483   
428 4708 0.01391050088929418 26.81874357017363 0.04963672725833123 4.9636727258331230e-02 0.06307703699953034 0.09591308534862891   
429 4719 0.013772657178165774 26.820989591447923 0.04404345180297793 4.4043451802977931e-02 0.05554528098787487 0.074398554221726   
430 4730 0.01328267971690023 26.88101302594822 0.04404345180297793 5.1614530405498953e-02 0.05696180163012241 0.0889247830345294   
431 4741 0.01303055375223795 26.997860277151908 0.04404345180297793 4.7145674392128231e-02 0.0546633259807546 0.07233215677679317   
432 4752 0.01197524927149497 27.401114391983707 0.04404345180297793 4.4625017226271990e-02 0.05162498357356987 0.07032484543265598   
433 4763 0.012066335363951866 27.248014862343577 0.04288958147084846 4.2889581470848460e-02 0.04860304696506738 0.06960812007872258   
434 4774 0.012182908264041508 27.573031428179682 0.03648578426688977 3.6485784266889768e-02 0.05279509493113012 0.0667460935866302   
435 4785 0.01247097097627712 28.115730613738666 0.03648578426688977 3.6838144571952176e-02 0.04627761856736602 0.05454655322656652   
436 4796 0.013013574868112552 28.280366994247032 0.03648578426688977 3.6965568725699310e-02 0.04609612921307282 0.05484423397593506   
437 4807 0.013552945159256362 29.322952167074714 0.030346934637850934 3.0346934637850934e-02 0.04244998122823261 0.06496174814480563   
438 4818 0.013292828596149976 30.489984524506745 0.030346934637850934 3.5045367745570530e-02 0.04344259484074203 0.05059832263912138   
439 4829 0.012264316476551195 31.067059434361656 0.030346934637850934 3.2403676426263905e-02 0.03997575469088905 0.060906697245132764   
440 4840 0.011966668159677799 31.346380074371982 0.030027722653671176 3.0027722653671176e-02 0.042094861825385105 0.05599941201254943   
441 4851 0.011330986071861348 31.77033825122237 0.030027722653671176 3.0972452640172822e-02 0.03465052692077032 0.04535751236060075   
442 4862 0.011575159026797463 32.89627700754254 0.026925731484664074 2.6925731484664074e-02 0.03438270081017122 0.040271826399620944   
443 4873 0.011044212136237777 34.32592126269086 0.025761953132951012 2.5761953132951012e-02 0.0353653932201418 0.0415344802683795   
444 4884 0.011090273769834801 34.58459071972727 0.02525866211383838 2.5258662113838381e-02 0.031402272591964556 0.05113591906044331   
445 4895 0.010324715078918944 34.68966262259084 0.02525866211383838 2.6436509263348291e-02 0.030442224282499705 0.038491030529467854   
446 4906 0.010032552991252247 33.52485150029062 0.023445554565042662 2.3445554565042662e-02 0.02912980903423349 0.034110823016426414   
447 4917 0.009681451861438123 32.65008465659545 0.021826312692090066 2.1826312692090066e-02 0.02704433839955114 0.032840494570142056   
448 4928 0.009187696501574609 32.92888511484624 0.021826312692090066 2.1870408974322093e-02 0.02628868227994019 0.030975231087153894   
449 4939 0.009254147761558954 32.371853918966174 0.020570999325687442 2.0570999325687442e-02 0.022932174547853856 0.028113031441823914   
450 4950 0.00960379746624209 35.227616395829365 0.0202782156888765 2.0278215688876500e-02 0.02451420352734035 0.030036212535746572   
451 4961 0.009714106494855042 36.21451042287845 0.020040474186145327 2.0040474186145327e-02 0.024940383036309723 0.037352494814446274   
452 4972 0.009819467029163292 36.90754038970278 0.016996424472904677 1.6996424472904677e-02 0.02012190486098256 0.02989773941787064   
453 4983 0.009565661571272093 38.00068430157223 0.016996424472904677 1.8282743653746235e-02 0.02217382441703451 0.02833646891477642   
454 4994 0.009806591812236547 37.567598864175714 0.016996424472904677 1.7035114534589432e-02 0.020104349449096965 0.02746011323421948   
455 5005 0.00918258663782503 36.09017912736064 0.015701528420386173 1.5701528420386173e-02 0.019730143358728858 0.028417315269357264   
456 5016 0.009247169970464281 35.95280159675435 0.015701528420386173 1.5975392852369631e-02 0.018603151285606016 0.025632928552194584   
457 5027 0.00965616438300657 37.35820312279271 0.014045739001444332 1.4045739001444332e-02 0.017124596812443167 0.021113876578023914   
458 5038 0.00984703336712745 38.23142917399025 0.01350015169155679 1.3500151691556789e-02 0.017887445757308384 0.02695373044388553   
459 5049 0.009644189424001035 38.54988674729112 0.011229632878184749 1.1229632878184749e-02 0.018060862363905732 0.026875464559853388   
460 5060 0.009371377868941285 39.31829572307251 0.00983722854795294 9.8372285479529399e-03 0.013012150894817071 0.01816132487068236   
461 5071 0.009637049852063923 41.424532471722706 0.00929082759734743 9.2908275973474300e-03 0.012631104523418785 0.01980113709238479   
462 5082 0.00981652436860912 45.2135139767481 0.00929082759734743 9.6455595431862128e-03 0.012011858844479887 0.017045760199942268   
463 5093 0.009822106745133027 46.79905227937826 0.007432737892988952 7.4327378929889519e-03 0.01288067024421509 0.024707486740347506   
464 5104 0.010182288068019598 47.484411380623214 0.00737563412094183 7.3756341209418302e-03 0.011832179829494466 0.015924228068238983   
465 5115 0.010410714134209778 49.745180120538855 0.004730464968142621 4.7304649681426210e-03 0.010579433970850587 0.013575664179731372   
466 5126 0.010610646354025309 50.54714824973821 0.004730464968142621 5.6141614069834976e-03 0.010178778605341141 0.01702051534582996   
467 5137 0.010799313350245334 50.57197928272305 0.004043886921170551 4.0438869211705513e-03 0.00821282227057023 0.015212542798869015   
468 5148 0.01157012282839354 51.037058980949475 0.004043886921170551 4.4816207676905088e-03 0.008422977269608164 0.01501181432358455   
469 5159 0.01199812883918183 53.21311374947561 0.004043886921170551 6.3205858633570266e-03 0.008778699855013988 0.020026298445014   
470 5170 0.011935409694175895 50.542937739513334 0.004043886921170551 4.1840706350307101e-03 0.008333013743547528 0.01555530404491971   
471 5181 0.011451145301536712 50.047472361311755 0.0032504335520275067 3.2504335520275067e-03 0.00811178415314126 0.011613969800786803   
472 5192 0.010689921184045303 51.35092995849183 0.0032504335520275067 3.6775429993151166e-03 0.010801430494608338 0.013758238012546319   
473 5203 0.009048836313403379 50.78375714765377 0.0032504335520275067 3.9958662154177243e-03 0.008683210761360097 0.016635460474550872   
474 5214 0.008187547096537216 50.46450698360274 0.0032504335520275067 3.3658032344646709e-03 0.005524852798776524 0.011389353700891775   
475 5225 0.007623441261598227 50.75889657741793 0.0032504335520275067 3.4718373307704407e-03 0.004963010950274457 0.006329877331171345   
476 5236 0.007290649606792578 52.564647867201124 0.0018398456377839484 1.8398456377839484e-03 0.0063781112481813285 0.00964152563000693   
477 5247 0.0070028157766810085 53.894483608874204 0.0018398456377839484 2.2080120604056649e-03 0.003214228624522451 0.006649304752934124   
478 5258 0.0070282482918316925 51.57072914098962 0.0016469136971027716 1.6469136971027716e-03 0.0031083498172955427 0.005604447201209758   
479 5269 0.0065808718028534325 52.91681994492407 0.0007044976902281454 7.0449769022814536e-04 0.002287263383849017 0.005061253946558868   
480 5280 0.00673875816455398 52.634946122164294 0.0007044976902281454 9.5606343700777323e-04 0.0018535537197101107 0.0045478013685406535   
481 5291 0.006990004115632551 53.46150481804796 0.0007044976902281454 1.2201561937256063e-03 0.0021854627934499993 0.00580939534636063   
482 5302 0.007171555680019213 53.82218479946612 0.0007044976902281454 9.7464428972491841e-04 0.002369464843119916 0.004697413864830157   
483 5313 0.006881462290015166 54.80577877928894 0.0007044976902281454 1.0491767414532380e-03 0.0025251869404199303 0.0039989549219152645   
484 5324 0.006484257766482457 56.80194222294037 0.0006652677616567179 6.6526776165671793e-04 0.0019700131524263594 0.005055286686520127   
485 5335 0.006055602138609998 58.11378027729244 0.0006652677616567179 8.0182263495985899e-04 0.001856421774131009 0.003527695310118576   
486 5346 0.005452802651708032 58.500680059732815 0.000513541808092089 5.1354180809208897e-04 0.001281197611922045 0.0026849755941379507   
487 5357 0.004867837521722081 59.15700614748603 0.0002825340041290422 2.8253400412904219e-04 0.0008598288357631473 0.0015398040603273179   
488 5368 0.004502101351250777 58.394945798456796 0.0002825340041290422 3.2664010596709534e-04 0.0006317498312211086 0.0013782683582545102   
489 5379 0.004233865608044157 56.962715382088575 0.0002825340041290422 3.8051403536408431e-04 0.0006886476229414453 0.001910906348202729   
490 5390 0.003844275517720812 57.934881455496026 0.0002825340041290422 4.8675137774868899e-04 0.0008542303562291146 0.001163457513623706   
491 5401 0.0035375474569602355 57.23590561418478 0.00015678555217345545 1.5678555217345545e-04 0.0006010784145177384 0.0013963161293530037   
492 5412 0.0032679874053367047 57.576730835307735 0.00015678555217345545 2.6931429825246455e-04 0.00041575641923322066 0.0007979641909391338   
493 5423 0.0030165883281737735 58.13395642601579 0.00013390557110212398 1.3390557110212398e-04 0.00032918711120938967 0.000972970616620263   
494 5434 0.0028931784366053193 57.78585974389985 0.00013390557110212398 2.5882579697045080e-04 0.00032511041166289787 0.0011396815823772615   
495 5445 0.0026803729098142815 58.15165130668108 0.00013390557110212398 1.6471795680982572e-04 0.0003312969162454433 0.0004849130132351941   
496 5456 0.002350884991760243 57.716391097637 8.14974935190035e-05 8.1497493519003505e-05 0.00023200370529635918 0.0003785625677169403   
497 5467 0.002162684033696618 57.944018666872374 6.093638778695236e-05 6.0936387786952358e-05 0.00020994735281404072 0.00035797635825456466   
498 5478 0.0020209745936703685 57.53506287876537 6.093638778695236e-05 1.1394384541862874e-04 0.00018988155674875423 0.0003348865481215978   
499 5489 0.0017820470129546757 58.166203771958706 6.093638778695236e-05 6.1347362142880442e-05 0.00016232897596638886 0.00027456636751151684   
500 5500 0.0016303509042923548 57.95934684496512 6.093638778695236e-05 8.2635986583930285e-05 0.00012391460589168422 0.00020355971089594825   
501 5511 0.0015114014457479573 58.46459224421621 3.343070688757614e-05 3.3430706887576140e-05 8.56163493714201e-05 0.00015903163257459903   
502 5522 0.001411391503883568 58.56960374499772 2.2333730711629372e-05 2.2333730711629372e-05 7.805846775261387e-05 9.972798981866837e-05   
503 5533 0.0013744052231503096 58.670518572159764 2.2333730711629372e-05 2.7907982868063361e-05 5.568770349838781e-05 9.420775848799188e-05   
504 5544 0.0012701432796088053 59.38102989788161 2.2054545522358046e-05 2.2054545522358046e-05 4.521358289615898e-05 0.00010757755628609196   
505 5555 0.0011352908315767011 60.04244936178371 1.7213861573305636e-05 1.7213861573305636e-05 4.4978784100426964e-05 8.305864188383786e-05   
506 5566 0.0010505857108037721 57.98109568301808 1.7213861573305636e-05 2.4912791349750734e-05 3.2665789130214915e-05 7.656752255278971e-05   
507 5577 0.0009489635711913515 58.80222128017716 1.7213861573305636e-05 2.5814933429929620e-05 4.049189701303213e-05 8.385147039518679e-05   
508 5588 0.0008646607379378252 58.1824761851394 1.7213861573305636e-05 1.8784365284580719e-05 4.565979340774439e-05 6.873139163514747e-05   
509 5599 0.0007886254977770563 58.3232304775397 1.589087629557333e-05 1.5890876295573331e-05 3.059853429128163e-05 5.871485705709693e-05   
510 5610 0.0007310432932148643 57.422629511945104 9.80536916363041e-06 9.8053691636304104e-06 2.1271719980514335e-05 3.398303950555124e-05   
511 5621 0.0006821264016367699 58.12853388735991 6.349812645039685e-06 6.3498126450396850e-06 2.4233766890273785e-05 3.485700482375857e-05   
512 5632 0.0006873135954890512 59.091192376436396 6.349812645039685e-06 6.4690460402064265e-06 1.1348808317051755e-05 3.46376185150137e-05   
513 5643 0.0006594104513215032 59.40817906132687 4.228767848022723e-06 4.2287678480227228e-06 1.169300129930597e-05 2.545113364835236e-05   
514 5654 0.0006309676166004205 57.517430530535236 3.2862864693702086e-06 3.2862864693702086e-06 1.2474287313108798e-05 2.576328652772404e-05   
515 5665 0.0005855884822776831 57.92639124331124 3.2862864693702086e-06 6.3874751723584478e-06 8.760295311113253e-06 1.4159298502539216e-05   
516 5676 0.0005614391451328819 59.077458930465696 3.2862864693702086e-06 5.8349155255481846e-06 9.411192158234386e-06 1.7925785839566788e-05   
517 5687 0.000526253196801959 60.84589353863521 3.2862864693702086e-06 5.2015613607100719e-06 1.0995452393856321e-05 1.799900761495523e-05   
518 5698 0.00047955570353014175 61.41787824194688 1.9614257989133588e-06 1.9614257989133588e-06 9.357170964989743e-06 2.0940970638371185e-05   
519 5709 0.0004375945947452344 63.12974965347525 1.9614257989133588e-06 3.6054965560645912e-06 6.928404160311011e-06 1.1126037426662187e-05   
520 5720 0.000400384384439318 61.41335621471869 1.9614257989133588e-06 3.2752555184396868e-06 6.125131545088556e-06 8.594475834006526e-06   
521 5731 0.00038533318469159255 60.775543610118035 1.9614257989133588e-06 3.1338637622361623e-06 5.44667463713184e-06 1.0400342389205802e-05   
522 5742 0.00034768460997387936 61.127426548989206 1.9614257989133588e-06 3.3018172377548728e-06 4.607720544659476e-06 8.893183320268587e-06   
523 5753 0.00032756673411943576 62.11953030229692 1.9614257989133588e-06 2.2984219210677678e-06 3.5102296210255483e-06 9.070855858037022e-06   
524 5764 0.00031560243963891013 61.24890467155176 1.7570643163139619e-06 1.7570643163139619e-06 3.0780458998078113e-06 3.8281702361958044e-06   
525 5775 0.00029833695976627374 64.18364687105782 1.3253742311920066e-06 1.3253742311920066e-06 2.826718189231751e-06 4.474203025274312e-06   
526 5786 0.0003017641188245395 63.01029971246233 1.3253742311920066e-06 1.6156389506605109e-06 2.7218848914928725e-06 3.3717152838773177e-06   
527 5797 0.00028981079759927996 63.33558388249015 7.706901142481787e-07 7.7069011424817866e-07 2.6305204516579034e-06 6.189119542213173e-06   
528 5808 0.0002793946546140125 66.37634354043328 7.706901142481787e-07 1.6706369029414657e-06 2.028816369715423e-06 4.082703272575065e-06   
529 5819 0.00025568413262271186 64.60824741296145 7.706901142481787e-07 1.3194061779179629e-06 2.7819274230784438e-06 6.458239472215378e-06   
530 5830 0.00023762982681071847 65.68104956930355 7.706901142481787e-07 1.4440111385644234e-06 2.1899776162519304e-06 2.9813551487373e-06   
531 5841 0.0002162446696164619 65.23397681558785 7.706901142481787e-07 7.9434940351813516e-07 2.098707802708814e-06 3.6132654562251577e-06   
532 5852 0.0002034401001267823 65.27085919735529 5.225006125683044e-07 5.2250061256830444e-07 1.269642984302775e-06 2.4823079850780854e-06   
533 5863 0.00018733974941288303 65.48715854352263 4.675428674133998e-07 4.6754286741339982e-07 9.94015510996236e-07 2.2021908446339827e-06   
534 5874 0.000175523531218294 65.13725448432933 4.533941843555111e-07 4.5339418435551111e-07 1.0196057131351166e-06 1.6883897652863607e-06   
535 5885 0.00017580321288193664 62.337724418278505 1.7088795843042664e-07 1.7088795843042664e-07 7.868879322300041e-07 1.1927477045176801e-06   
536 5896 0.00017826392027815577 61.57544003304647 1.7088795843042664e-07 3.4857828710978764e-07 7.532473297280212e-07 1.2278613706667032e-06   
537 5907 0.00017518062831788802 60.753319481837366 1.7088795843042664e-07 3.1580381342398718e-07 5.721781547793931e-07 1.1421506912712096e-06   
538 5918 0.00016829479086648521 61.55168373177782 1.7088795843042664e-07 2.2709069874247096e-07 4.3047122113912606e-07 1.1349678309243166e-06   
539 5929 0.00015300359089048482 61.51005624174085 1.7088795843042664e-07 2.2771336888039774e-07 5.375924642100845e-07 1.4107421540882987e-06   
540 5940 0.00014503068786203527 61.55234303966806 1.7088795843042664e-07 2.3229784793598174e-07 5.273789795826504e-07 8.61196686576915e-07   
541 5951 0.00013745047493413188 62.768741483811134 1.7088795843042664e-07 2.7025329121692000e-07 3.349111734551076e-07 6.717988563946706e-07   
542 5962 0.00013400503119588857 63.25740813036003 1.7088795843042664e-07 2.4902746079448646e-07 3.5824356123169746e-07 5.446516576882498e-07   
543 5973 0.00013241256403410625 61.56687124942782 1.7088795843042664e-07 3.2084948942710214e-07 4.430126619660486e-07 7.627131624188169e-07   
544 5984 0.00013125656749026136 60.42165558341781 1.7088795843042664e-07 2.0986448750692518e-07 4.094134857464638e-07 9.529995533056286e-07   
545 5995 0.00012152728310675396 60.26358778106539 1.7088795843042664e-07 1.9766513609873019e-07 3.9221571608005967e-07 5.882259622304775e-07   
546 6006 0.00010941488140189522 60.417692502427684 9.045851445623798e-08 9.0458514456237979e-08 3.141962456977194e-07 6.588085342691674e-07   
547 6017 9.869079390437008e-05 59.151003914344784 8.175072122028915e-08 8.1750721220289151e-08 2.1196382128881665e-07 4.2448386123005074e-07   
548 6028 9.425190224376836e-05 59.54400503083484 6.885346403566406e-08 6.8853464035664061e-08 1.607639241464956e-07 2.786397664856972e-07   
549 6039 9.025017778802756e-05 62.672829782466984 6.688808693950783e-08 6.6888086939507826e-08 1.9133919986194517e-07 3.326691051550179e-07   
550 6050 9.169666772206778e-05 63.583687484859574 6.688808693950783e-08 8.9959607821329782e-08 1.8334185659058283e-07 2.578886913166263e-07   
551 6061 8.658711037488947e-05 62.32548859150583 6.688808693950783e-08 7.1209322757659804e-08 2.0058974916156663e-07 5.007566287994276e-07   
552 6072 8.190386100165774e-05 61.85630091890724 6.688808693950783e-08 9.2114667020646267e-08 1.6123052177722272e-07 2.898088461209947e-07   
553 6083 7.153802521634604e-05 62.63121855025279 4.955433719124545e-08 4.9554337191245448e-08 1.6560773352922025e-07 2.462106073780397e-07   
554 6094 6.601609640047561e-05 61.552719712897925 4.1799450419357225e-08 4.1799450419357225e-08 1.0207231751104166e-07 1.3837373490233709e-07   
555 6105 6.220380439726821e-05 61.3460475992508 4.1799450419357225e-08 4.3425737404767168e-08 6.243533017758978e-08 8.376021209271495e-08   
556 6116 5.5301717545220396e-05 61.699693712477256 2.4221159662790473e-08 2.4221159662790473e-08 4.8804029901293114e-08 1.4154557290256527e-07   
557 6127 4.799997722078393e-05 60.777384446977855 2.4221159662790473e-08 2.7083156151074912e-08 5.491909629641817e-08 1.0931247398288094e-07   
558 6138 4.37344891649706e-05 61.40045747187623 2.4221159662790473e-08 2.6368464807252181e-08 3.7758089922822046e-08 6.803876310265303e-08   
559 6149 4.064363593909762e-05 59.57073835577118 1.6845487555935397e-08 1.6845487555935397e-08 4.584790296908697e-08 6.365469907346224e-08   
560 6160 4.051603258619631e-05 59.55401230636665 1.6845487555935397e-08 2.0585966225907015e-08 2.6581823723844895e-08 5.24538262441877e-08   
561 6171 3.778682186678802e-05 60.12213354731032 1.429948968857227e-08 1.4299489688572270e-08 2.7886030267798475e-08 4.818601476856099e-08   
562 6182 3.620584600782136e-05 60.44274406368194 1.429948968857227e-08 1.7566726863214873e-08 3.13991101191917e-08 4.0679371502258727e-08   
563 6193 3.55580435413037e-05 62.29784622312405 5.826000268627404e-09 5.8260002686274039e-09 2.212201809434874e-08 3.988319518378107e-08   
564 6204 3.4167509520277126e-05 62.5558298321284 5.3802707095074455e-09 5.3802707095074455e-09 1.5764817873653737e-08 3.534015925938012e-08   
565 6215 3.4331192645436604e-05 62.729317795297966 5.3802707095074455e-09 1.1468695276456524e-08 1.834023200470821e-08 2.8539006965664395e-08   
566 6226 3.2798638023852155e-05 63.060467327648375 5.3802707095074455e-09 7.8115634636606956e-09 1.7021557491610037e-08 2.811191269463015e-08   
567 6237 3.062065638846317e-05 63.30195839413626 5.3802707095074455e-09 5.5509122907607033e-09 1.6303342410071272e-08 3.789997246812697e-08   
568 6248 2.9496328678605132e-05 63.10455431812476 5.3802707095074455e-09 6.2057991709379042e-09 1.2137152161354192e-08 2.2303031552630855e-08   
569 6259 2.8960995701059943e-05 62.60824184019743 5.3802707095074455e-09 8.5631680910069115e-09 1.1448346044709708e-08 2.2613333549624015e-08   
570 6270 2.699540168235786e-05 62.965487964698205 4.95974361218554e-09 4.9597436121855396e-09 1.0792958790192984e-08 2.0466050914824507e-08   
571 6281 2.596899406477622e-05 64.00286689634011 4.95974361218554e-09 6.1752082117738565e-09 8.456002122414798e-09 1.3264834990508556e-08   
572 6292 2.3649251376086152e-05 64.49827803271515 3.0203244855994774e-09 3.0203244855994774e-09 8.280962007351302e-09 1.7413115444964253e-08   
573 6303 2.1225067728600778e-05 64.649509206628 3.0203244855994774e-09 4.2901855007240331e-09 5.873169029421489e-09 1.2383538573452453e-08   
574 6314 1.9424808832263738e-05 64.07186010338785 1.6672399299568404e-09 1.6672399299568404e-09 5.142920510705905e-09 7.703930254763408e-09   
575 6325 1.7780826439031002e-05 65.41597802910171 1.6672399299568404e-09 2.5927511706843764e-09 4.522167927095925e-09 7.233356644756549e-09   
576 6336 1.5888083352214546e-05 64.69980982320618 1.6672399299568404e-09 1.9940997023330371e-09 3.758126528301228e-09 5.8910523060159834e-09   
577 6347 1.4333115846375883e-05 64.54830974066736 6.680093377480247e-10 6.6800933774802468e-10 3.421905968471498e-09 5.265768750147072e-09   
578 6358 1.3755298743715798e-05 63.88626278756254 6.680093377480247e-10 2.1452851283653560e-09 3.23039310852429e-09 4.49276345661037e-09   
579 6369 1.2963890442017668e-05 64.63499382330579 6.680093377480247e-10 1.5120320213095786e-09 3.294422469731453e-09 4.85887546060565e-09   
580 6380 1.2281708589087384e-05 65.30008944198447 6.680093377480247e-10 1.3231990152330009e-09 2.4206977184464645e-09 3.785017669621318e-09   
581 6391 1.1074485047534479e-05 64.88675835141488 6.680093377480247e-10 1.1202496763671211e-09 2.045571726650987e-09 4.129405592148348e-09   
582 6402 1.00118604219877e-05 66.16846123576072 6.680093377480247e-10 8.1499711914003385e-10 1.0959823689486766e-09 3.3938311363628486e-09   
583 6413 9.22319867195561e-06 66.20638820384816 5.239068862926307e-10 5.2390688629263068e-10 1.1381401630147103e-09 1.7327533593495913e-09   
584 6424 8.36693496778407e-06 66.85212160932512 5.239068862926307e-10 5.7589902270130349e-10 9.751802472878584e-10 2.3514151747372898e-09   
585 6435 7.652667248858388e-06 66.26736151595627 2.263788055301533e-10 2.2637880553015329e-10 7.734497020476832e-10 1.3519588554296024e-09   
586 6446 7.129529371221001e-06 67.2129396152994 2.263788055301533e-10 2.4498481852961448e-10 6.626696921616981e-10 9.664538445840646e-10   
587 6457 6.428025502510326e-06 69.8217006428812 1.8597336969045185e-10 1.8597336969045185e-10 3.5847331515497925e-10 8.223751320256729e-10   
588 6468 5.793414519754696e-06 70.22455924621737 1.3474633570524373e-10 1.3474633570524373e-10 4.3991062821824174e-10 6.418895409240153e-10   
589 6479 5.489712105412975e-06 70.28887110641806 1.3474633570524373e-10 1.5099364432926451e-10 2.5727519217164714e-10 6.332932105027465e-10   
590 6490 4.892789765438351e-06 70.95141122016152 7.230685612699513e-11 7.2306856126995128e-11 2.8538395106286295e-10 4.3910689055082365e-10   
591 6501 4.504308404755615e-06 72.43173432130993 7.230685612699513e-11 1.5537887006414725e-10 2.18332929141069e-10 4.975750849726457e-10   
592 6512 4.0115492529906745e-06 75.54247009985477 7.230685612699513e-11 1.3046150959638476e-10 2.3186398885465703e-10 3.435869815251236e-10   
593 6523 3.7153173701154048e-06 75.62761421833507 5.6917214456290484e-11 5.6917214456290484e-11 1.7890676966414644e-10 3.234674844431293e-10   
594 6534 3.2081232618909015e-06 74.67982097934276 5.6917214456290484e-11 7.1274559832305130e-11 1.3008614167992535e-10 2.6597989160686076e-10   
595 6545 2.986244256185157e-06 75.45882062873441 5.6917214456290484e-11 7.7899953302052357e-11 1.0917675260497327e-10 1.4086951134919552e-10   
596 6556 2.6777438477708713e-06 76.10798383519858 4.32222205752961e-11 4.3222220575296099e-11 1.1235832436679104e-10 2.0343989562985168e-10   
597 6567 2.641948676749325e-06 76.2222189660589 2.45055043965595e-11 2.4505504396559501e-11 7.419340553030345e-11 1.86027838696891e-10   
598 6578 2.5574058624608297e-06 74.73850840696957 2.45055043965595e-11 3.1141887384991408e-11 5.805379944186003e-11 1.0286407003062708e-10   
599 6589 2.5400860039072555e-06 75.95599367674501 2.45055043965595e-11 3.5738606989254996e-11 6.063169668123368e-11 1.1474690090832571e-10   
600 6600 2.428201020889418e-06 71.13782403829734 2.45055043965595e-11 2.5894701284101786e-11 6.775810950856888e-11 1.303015774377656e-10   
601 6611 2.2917556248879656e-06 70.95382618874592 2.45055043965595e-11 2.7915863852196343e-11 4.793265813298213e-11 1.0019568992507122e-10   
602 6622 2.1950807416907777e-06 70.21766606869264 2.45055043965595e-11 2.8595426353699521e-11 5.489855118142457e-11 1.26475734224109e-10   
603 6633 2.010114144255747e-06 69.4985894205867 2.45055043965595e-11 3.1592333093211830e-11 4.353265565816808e-11 9.715703829129504e-11   
604 6644 1.8824619480406106e-06 70.68346207429433 1.8576519600475014e-11 1.8576519600475014e-11 5.420551639770942e-11 7.555738135622952e-11   
605 6655 1.803365648063899e-06 69.1362327384037 1.3868054267262692e-11 1.3868054267262692e-11 4.103274910179158e-11 5.628995784922087e-11   
606 6666 1.7586628939532068e-06 70.15281775092669 9.434424887897075e-12 9.4344248878970747e-12 2.68769875616411e-11 5.286363459655125e-11   
607 6677 1.6322667026558144e-06 71.20929901561726 9.434424887897075e-12 1.3035608616520567e-11 2.2660814220319227e-11 6.283892898773136e-11   
608 6688 1.434150640210049e-06 69.35514881104662 8.134166137400013e-12 8.1341661374000130e-12 2.4259061659417246e-11 3.706652695890301e-11   
609 6699 1.392513585948043e-06 68.20893604863308 8.134166137400013e-12 9.5543010536164126e-12 1.669291293135078e-11 2.8030332319137157e-11   
610 6710 1.2975013209611113e-06 69.12853156802669 8.134166137400013e-12 8.5815412940240988e-12 1.427030441436751e-11 2.3793202052496827e-11   
611 6721 1.20665600078583e-06 69.19480317558927 3.3257460044241744e-12 3.3257460044241744e-12 1.6092469463322508e-11 3.3431270502087624e-11   
612 6732 1.1844373638209148e-06 68.99572849282772 3.3257460044241744e-12 6.8700452602199375e-12 1.274980041048272e-11 2.288119705336174e-11   
613 6743 1.1044815567141872e-06 66.67003719437916 3.3257460044241744e-12 6.9490971763381294e-12 1.2573718789620928e-11 2.8439529178429266e-11   
614 6754 1.0125303136747513e-06 67.04654237168985 3.3257460044241744e-12 6.0535462489522453e-12 1.1968555071919e-11 2.1365457297327972e-11   
615 6765 9.273901220130264e-07 66.3484572445618 3.3257460044241744e-12 4.7883850851346342e-12 1.0597195919727876e-11 1.4876694937542655e-11   
616 6776 8.718532945547963e-07 66.06671693898889 3.1502400644718247e-12 3.1502400644718247e-12 6.259931567582003e-12 8.196164637530864e-12   
617 6787 8.431944834044711e-07 68.08143357434304 3.04791822936162e-12 3.0479182293616200e-12 6.439288702033315e-12 1.0777352674520376e-11   
618 6798 8.247533819342928e-07 68.36947961026235 2.909973129420512e-12 2.9099731294205119e-12 5.100243807540349e-12 9.21177813750477e-12   
619 6809 7.540530205314657e-07 69.58616416933293 2.2187149365577585e-12 2.2187149365577585e-12 6.024430310733995e-12 7.600371868332497e-12   
620 6820 7.041093018415463e-07 69.68172746344129 2.1408371737631986e-12 2.1408371737631986e-12 3.678658160420254e-12 7.545909010477436e-12   
621 6831 6.331806176954539e-07 69.5573850492289 1.5376424956289294e-12 1.5376424956289294e-12 3.655165505461904e-12 6.9236729697660674e-12   
622 6842 5.873663613650364e-07 69.41821133123801 1.2489655337299664e-12 1.2489655337299664e-12 3.130317268554998e-12 4.305830884304009e-12   
623 6853 5.767923176279331e-07 66.49352298344488 1.2489655337299664e-12 1.2999206262428317e-12 2.0749676219428372e-12 3.6092555957929976e-12   
624 6864 5.648883541388984e-07 67.65854220241498 1.2489655337299664e-12 1.6178764077900626e-12 2.8551378484695267e-12 3.8434675339771446e-12   
625 6875 5.52407093142098e-07 68.79339890866396 1.2489655337299664e-12 1.6494516681548881e-12 2.301366095028407e-12 3.367795644141004e-12   
626 6886 4.953983489094894e-07 67.01675612032064 1.2489655337299664e-12 1.4013486494487761e-12 2.3837062648319764e-12 4.183749105872362e-12   
627 6897 4.398901541114515e-07 67.68345076955268 5.618283615004084e-13 5.6182836150040838e-13 2.2609449665219382e-12 4.555378310170269e-12   
628 6908 4.2364566978344986e-07 66.83961381500154 5.618283615004084e-13 7.3289155047894253e-13 1.9785135855032125e-12 3.381051202430734e-12   
629 6919 4.176807997691425e-07 64.72132704319479 5.618283615004084e-13 7.0246978321375728e-13 1.1677361088644703e-12 2.7215439834448234e-12   
630 6930 4.06715702848454e-07 65.57174950342556 5.618283615004084e-13 8.0651653466291378e-13 1.3029860245949447e-12 2.2660339914510767e-12   
631 6941 3.749094145640034e-07 66.61961305070776 5.618283615004084e-13 7.9366692743878414e-13 1.232956082412997e-12 2.3402091971737227e-12   
632 6952 3.433617013081267e-07 66.55813274471369 4.2610599012317874e-13 4.2610599012317874e-13 1.1455667489545427e-12 2.007225587340124e-12   
633 6963 3.280200067053192e-07 67.81304783519938 3.888578473449775e-13 3.8885784734497752e-13 8.628878150149633e-13 1.55232414023209e-12   
634 6974 3.1002179378937357e-07 66.34314130511731 3.565776795487277e-13 3.5657767954872768e-13 8.115402951376082e-13 1.2578120564543813e-12   
635 6985 2.9809890830203613e-07 65.19124831245622 2.499553191481291e-13 2.4995531914812909e-13 5.769491927257953e-13 8.959104043699433e-13   
636 6996 2.9686935292976733e-07 64.82423166656449 2.499553191481291e-13 3.1546444539187162e-13 4.438741214229914e-13 1.0442599444305673e-12   
637 7007 2.8985200748519354e-07 64.32339198164051 1.9494884193894023e-13 1.9494884193894023e-13 5.180023078655103e-13 7.859681683225589e-13   
638 7018 2.811123887043369e-07 66.39854221901226 1.9095745873477982e-13 1.9095745873477982e-13 4.483841382322747e-13 7.144086036926371e-13   
639 7029 2.834956136724317e-07 67.60177991045776 1.2034098531042307e-13 1.2034098531042307e-13 3.7023076587552987e-13 6.299543980793692e-13   
640 7040 2.7421539798378383e-07 67.4894133432789 1.2034098531042307e-13 1.4856887854677081e-13 2.871197299763722e-13 9.47611852141981e-13   
641 7051 2.5106769512645814e-07 67.78314852272233 1.120275799183071e-13 1.1202757991830710e-13 3.45906773584593e-13 9.96530213879282e-13   
642 7062 2.2952724837922765e-07 68.27359434016886 1.120275799183071e-13 1.1524086647659561e-13 3.4561632905354305e-13 7.275490991414954e-13   
643 7073 2.192519226961383e-07 67.51914111561693 1.120275799183071e-13 2.6319332537505544e-13 3.125340891801744e-13 4.966624438789494e-13   
644 7084 2.1012389549600224e-07 66.25145583908831 1.120275799183071e-13 1.7872408766045464e-13 2.7276565112384585e-13 5.440315247823615e-13   
645 7095 1.9612515425636367e-07 65.5562352636603 1.120275799183071e-13 1.5136894371323937e-13 2.46497901013177e-13 3.842005442159078e-13   
646 7106 1.7736459991314186e-07 66.57628689825782 1.120275799183071e-13 1.2785308581677850e-13 2.3183883519751963e-13 3.5609758276820013e-13   
647 7117 1.5444894987444143e-07 66.63744711270644 7.235738533965631e-14 7.2357385339656310e-14 1.5278351892632919e-13 3.075868836033519e-13   
648 7128 1.377876629000508e-07 64.71351401491862 7.235738533965631e-14 7.6072548710831170e-14 1.3218654117112953e-13 3.1351632618567396e-13   
649 7139 1.3015008282277497e-07 64.63403708213347 5.339651856726049e-14 5.3396518567260487e-14 8.330359195772096e-14 2.4301955221446625e-13   
