% # columns="iteration, evaluation, min max(neg(.)) min(pos(.)) max correlation, correlation matrix principle axes lengths  (sorted square roots of eigenvalues of correlation matrix)", seed=56374, Thu Jul 25 12:03:47 2019
1 10 -0.04842423141928018 -0.0012295561957759472 0.0021601832644538538 0.03578421251463798 1 1 1 1 1 1 1 1 1 1
2 20 -0.092254177346578 -0.00065231945438325 0.0028229442442488277 0.07201293889628067 1 1 1 1 1 1 1 1 1 1
3 30 -0.09300343800256852 -0.004337712350353878 0.003478273270383172 0.09307143402650117 1 1 1 1 1 1 1 1 1 1
4 40 -0.11964433603027447 -0.0031342573081190694 0.00036024047029275906 0.11889580600203975 1 1 1 1 1 1 1 1 1 1
5 50 -0.1383135383138261 -0.003321689925101679 0.004640132236955227 0.18467595970115777 1 1 1 1 1 1 1 1 1 1
6 60 -0.16585207339484823 -0.0007104336602641824 0.0011994662164970284 0.20753760904938048 1 1 1 1 1 1 1 1 1 1
7 70 -0.1677411581060016 -0.0045440603653039615 0.005135673724017156 0.21551351243658573 1 1 1 1 1 1 1 1 1 1
8 80 -0.18538253380461317 -0.002603617194389939 0.013358046169426496 0.21144435841653522 1 1 1 1 1 1 1 1 1 1
9 90 -0.15094048351329906 -0.006299646379081112 0.007240345201108722 0.2283299541789382 1 1 1 1 1 1 1 1 1 1
10 100 -0.1524821051085379 -0.003806502617851507 0.0023589658211558475 0.20814232739556704 1 1 1 1 1 1 1 1 1 1
11 110 -0.1865489874635858 -0.0015724689873179865 0.008927370069414426 0.15588442177688758 1 1 1 1 1 1 1 1 1 1
12 120 -0.17982543580152524 -0.0004829239675364371 0.001153181939537039 0.15785487476434235 1 1 1 1 1 1 1 1 1 1
13 130 -0.17051081941715576 -0.012397037384384161 0.00250036766932062 0.2201613048443906 1 1 1 1 1 1 1 1 1 1
14 140 -0.1966658415389766 -0.006116174621886642 0.0019417138734812564 0.2060577007013863 1 1 1 1 1 1 1 1 1 1
15 150 -0.1971147745662589 -0.004855458783809651 0.01317900462804233 0.1948132279170588 1 1 1 1 1 1 1 1 1 1
16 160 -0.19079576256795863 -0.004936106383752895 0.0038974042941221946 0.2064212999452638 1 1 1 1 1 1 1 1 1 1
17 170 -0.18936851656233944 -0.010953327230849916 0.0024328210374613083 0.17651609465376056 1 1 1 1 1 1 1 1 1 1
18 180 -0.1842131923924107 -0.002258998560834278 0.01017646030041756 0.19840359385534084 1 1 1 1 1 1 1 1 1 1
19 190 -0.19520647031552002 -0.0038298479398904163 0.012548011456528018 0.208931136681485 1 1 1 1 1 1 1 1 1 1
20 200 -0.19758390618722924 -0.005431396701398304 0.007441863710470024 0.20753819749125732 1 1 1 1 1 1 1 1 1 1
21 210 -0.17603617269069716 -0.00045078876514435384 0.0041313314567760825 0.19383981490895769 1 1 1 1 1 1 1 1 1 1
22 220 -0.16597998483607854 -0.0004626160630039518 0.002282371063216326 0.20863577614761644 1 1 1 1 1 1 1 1 1 1
23 230 -0.19239998406621248 -0.00188840927047155 0.006419010041872232 0.23999001550269297 1 1 1 1 1 1 1 1 1 1
24 240 -0.18124634955189348 -0.0022567243417873947 0.0034468761602747407 0.2325266115314581 1 1 1 1 1 1 1 1 1 1
25 250 -0.20555352061221924 -0.01066923354247357 0.0013400501713045983 0.2496531152974079 1 1 1 1 1 1 1 1 1 1
26 260 -0.22884097645840956 -0.005061023768759295 0.004730163403466328 0.27145467772297066 1 1 1 1 1 1 1 1 1 1
27 270 -0.2082356701315993 -0.011846197200881956 0.003842934599331795 0.2548921066104205 1 1 1 1 1 1 1 1 1 1
28 280 -0.23787633509638648 -0.010474421823900366 0.0002957896506449902 0.288536225739187 1 1 1 1 1 1 1 1 1 1
29 290 -0.2612526162438448 -0.009362857039840638 0.0049654919375974665 0.3115556443188931 1 1 1 1 1 1 1 1 1 1
30 300 -0.2602999854334356 -0.00691049434202214 0.0004944351156330149 0.3096483354518327 1 1 1 1 1 1 1 1 1 1
31 310 -0.2637132565584858 -0.0019400543332235196 0.013695478170570608 0.30631137749576237 1 1 1 1 1 1 1 1 1 1
32 320 -0.2568927127936517 -0.015225927832949907 0.01015753132230541 0.3007255878437255 1 1 1 1 1 1 1 1 1 1
33 330 -0.21038182595282645 -0.010176081222212977 0.008023066307425726 0.294199452632841 1 1 1 1 1 1 1 1 1 1
34 340 -0.2244085681542343 -0.014269051333345455 0.015234395372613408 0.27285676713909535 1 1 1 1 1 1 1 1 1 1
35 350 -0.18685523753145877 -0.010548819976453733 0.005137140261156327 0.28231699673717003 1 1 1 1 1 1 1 1 1 1
36 360 -0.1935936410779597 -0.001983031499937751 0.0022768286586225114 0.2860697808602734 1 1 1 1 1 1 1 1 1 1
37 370 -0.21443782622378652 -0.0008832333994031183 0.01070487515932099 0.2723212310038644 1 1 1 1 1 1 1 1 1 1
38 380 -0.24913305472396968 -0.016070354477057174 0.0003175017892599363 0.24431327507192618 1 1 1 1 1 1 1 1 1 1
39 390 -0.28376081166065437 -0.0033017781520474463 0.013257405884360125 0.23264964768588414 1 1 1 1 1 1 1 1 1 1
40 400 -0.3027035386083649 -0.0037553407686416983 0.005312352494331352 0.23326693049831868 1 1 1 1 1 1 1 1 1 1
41 410 -0.30182014059028944 -0.00509274765304411 0.004318318821011541 0.23748792675494942 1 1 1 1 1 1 1 1 1 1
42 420 -0.28210067914168957 -0.0008656806064487162 0.001087382857370125 0.22645295033092455 1 1 1 1 1 1 1 1 1 1
43 430 -0.27422210411496273 -0.0018391877734542689 0.0007747662613143366 0.21584268878717056 1 1 1 1 1 1 1 1 1 1
44 440 -0.25345671569563466 -0.0013684952227156395 0.007532314820280966 0.20182127868126237 1 1 1 1 1 1 1 1 1 1
45 450 -0.26360577519073286 -0.019178685606490015 0.002187854821350486 0.242143500265624 1 1 1 1 1 1 1 1 1 1
46 460 -0.29125427956931155 -0.014152861792160867 0.008207031035396922 0.21970041780226865 1 1 1 1 1 1 1 1 1 1
47 470 -0.30325121145199724 -0.007021863117606259 0.007619202616168407 0.2357837250058078 1 1 1 1 1 1 1 1 1 1
48 480 -0.2647707118042638 -0.00876252255776382 0.017570496432295066 0.2569983405058264 1 1 1 1 1 1 1 1 1 1
49 490 -0.265199786086182 -0.0034126250125899736 0.009539238127008761 0.28613262650546584 1 1 1 1 1 1 1 1 1 1
50 500 -0.23975706728382798 -0.003762351665837983 0.0059775756190398426 0.28618265497504686 1 1 1 1 1 1 1 1 1 1
51 510 -0.25111257555759414 -0.004242972774674679 0.005915999573340092 0.27169006596280837 1 1 1 1 1 1 1 1 1 1
52 520 -0.2839535953415647 -0.0008651852241967341 0.0036560704402940594 0.26699660407789577 1 1 1 1 1 1 1 1 1 1
53 530 -0.2907074468609728 -0.0009609152064761809 0.008249346356376966 0.2767740455492785 1 1 1 1 1 1 1 1 1 1
54 540 -0.2775670784613331 -0.007332918673513554 0.0005434193736487173 0.2712027894048274 1 1 1 1 1 1 1 1 1 1
55 550 -0.28642876200167433 -0.0009626862748960315 0.007261780385426182 0.2698296971577372 1 1 1 1 1 1 1 1 1 1
56 560 -0.2751490444676813 -0.005362436342025642 0.00872351695346969 0.2838436885732815 1 1 1 1 1 1 1 1 1 1
57 570 -0.26397127453491376 -0.0041798502403831185 0.006983687542066337 0.25059115241144586 1 1 1 1 1 1 1 1 1 1
58 580 -0.26203605541573477 -0.0025352671039334234 0.013618608732020426 0.2635129773771463 1 1 1 1 1 1 1 1 1 1
59 590 -0.27312278887322644 -0.007631141184241417 0.00309556804356914 0.3627827946170637 1 1 1 1 1 1 1 1 1 1
60 600 -0.27785340135462144 -0.015906957957381607 0.010151159453093857 0.3524638243592836 1 1 1 1 1 1 1 1 1 1
61 610 -0.26109079149700715 -0.007767566974473097 0.0062099509757937155 0.32494696458571193 1 1 1 1 1 1 1 1 1 1
62 620 -0.25767079266905957 -0.00041723614854605857 0.009962468446189006 0.32868926344389887 1 1 1 1 1 1 1 1 1 1
63 630 -0.28359798780644835 -0.010691706156153356 0.0022900711255480367 0.39851573801596796 1 1 1 1 1 1 1 1 1 1
64 640 -0.2713632135130335 -0.0069693306510173955 0.011530963723831496 0.3895823328081232 1 1 1 1 1 1 1 1 1 1
65 650 -0.29838126536761916 -0.020655358763103017 0.008527015744803038 0.3925849716059355 1 1 1 1 1 1 1 1 1 1
66 660 -0.3144350951445515 -0.023162142350417844 0.005969700371064217 0.3763987771826994 1 1 1 1 1 1 1 1 1 1
67 670 -0.3222880943001251 -0.003450766506164889 0.000260821622389451 0.4009943853338151 1 1 1 1 1 1 1 1 1 1
68 680 -0.3009213838065537 -0.0026183412937746797 0.013050950948519876 0.4094415394596813 1 1 1 1 1 1 1 1 1 1
69 690 -0.3267100884943864 -0.009612357650662037 0.007341814071262876 0.40150798862847303 1 1 1 1 1 1 1 1 1 1
70 700 -0.331720896161687 -0.008140593084870373 0.006598353978897845 0.3857437007519948 1 1 1 1 1 1 1 1 1 1
71 710 -0.36613725424851057 -0.0005892929279838173 0.004751484325608119 0.38083335514014643 1 1 1 1 1 1 1 1 1 1
72 720 -0.4329688703986254 -0.0165849688502709 0.0009356957471165372 0.4059093501187414 1 1 1 1 1 1 1 1 1 1
73 730 -0.43295040310268956 -0.008749223094249976 0.007758569642777668 0.42668239193146557 1 1 1 1 1 1 1 1 1 1
74 740 -0.4299285980306094 -0.009990264043167597 0.005664652168087634 0.43500287254349157 1 1 1 1 1 1 1 1 1 1
75 750 -0.43346200269336044 -0.006582534196091556 0.0018468104304092084 0.44646144022979756 1 1 1 1 1 1 1 1 1 1
76 760 -0.43078889304557133 -0.0033892150192002275 0.0058874519867018575 0.43375786289879226 1 1 1 1 1 1 1 1 1 1
77 770 -0.4339074069845271 -0.0017400971907723121 0.00030456811620124564 0.43212183786617436 1 1 1 1 1 1 1 1 1 1
78 780 -0.42362130260905234 -0.011623410225986626 0.0017039713178899785 0.44271107625589495 1 1 1 1 1 1 1 1 1 1
79 790 -0.43593927397366883 -0.00023956737342625817 0.011598058061831033 0.44257129542511314 1 1 1 1 1 1 1 1 1 1
80 800 -0.3899856909077216 -0.0067192613289448035 2.822227522112806e-05 0.43441332083486334 1 1 1 1 1 1 1 1 1 1
81 810 -0.3806891795640617 -0.006347159915670084 0.009670180605490424 0.43271264695860556 1 1 1 1 1 1 1 1 1 1
82 820 -0.38222149368492364 -0.013208060721179679 0.007554489977123999 0.4216625362424258 1 1 1 1 1 1 1 1 1 1
83 830 -0.32615950870335586 -0.014506035214002976 0.006136748907732812 0.43033337114779974 1 1 1 1 1 1 1 1 1 1
84 840 -0.2827406032882265 -0.005085909131572242 0.006726383047095374 0.40452606768893434 1 1 1 1 1 1 1 1 1 1
85 850 -0.2841682901933772 -0.006039511520821486 0.003269812255526224 0.41735459099133076 1 1 1 1 1 1 1 1 1 1
86 860 -0.2952312221361063 -0.010989141617544334 0.0010689936191380285 0.4223730436279582 1 1 1 1 1 1 1 1 1 1
87 870 -0.3108197998018707 -0.023346883674630333 0.006172584874442922 0.41309907316535655 1 1 1 1 1 1 1 1 1 1
88 880 -0.32887436565560124 -0.00558690310361441 0.004087350968181486 0.4400692953399975 1 1 1 1 1 1 1 1 1 1
89 890 -0.35144296413965354 -0.01606445127607181 0.00045510672286498184 0.4323427345284725 1 1 1 1 1 1 1 1 1 1
90 900 -0.32311199062133783 -0.015340032692878177 0.004267114420281796 0.4213248051891003 1 1 1 1 1 1 1 1 1 1
91 910 -0.3537462877701433 -0.0032438766023198625 0.001757591392202865 0.4240990506408337 1 1 1 1 1 1 1 1 1 1
92 920 -0.33223259906114694 -0.006544351091242347 0.013065316496430796 0.4196783819414147 1 1 1 1 1 1 1 1 1 1
93 930 -0.3356570118468384 -0.007934130868532336 0.0014010147263813408 0.40081720484249167 1 1 1 1 1 1 1 1 1 1
94 940 -0.35592829748857185 -0.021131188634779155 0.026180660026132146 0.43793585667146107 1 1 1 1 1 1 1 1 1 1
95 950 -0.32543718340910227 -0.005946246988474739 0.00542607384165898 0.4457809930426778 1 1 1 1 1 1 1 1 1 1
96 960 -0.3276805949642495 -0.014506461346174435 0.003102435800465156 0.420662033722857 1 1 1 1 1 1 1 1 1 1
97 970 -0.3339213234567784 -4.0117704105304743e-05 0.013777699131122478 0.4209373935484432 1 1 1 1 1 1 1 1 1 1
98 980 -0.3101650070420779 -0.012237080508459893 0.002250803740353064 0.3930526595649655 1 1 1 1 1 1 1 1 1 1
99 990 -0.2745719732951368 -0.0018700804712431175 0.025761007803326134 0.37319953877912515 1 1 1 1 1 1 1 1 1 1
100 1000 -0.2842961445806243 -0.0015768325378795363 0.018098441715675442 0.3619890781549845 1 1 1 1 1 1 1 1 1 1
101 1010 -0.31061786282644743 -0.0043243893790979055 0.0062246279768855065 0.3153809464854409 1 1 1 1 1 1 1 1 1 1
102 1020 -0.28685019590218974 -0.00807224102295885 0.0022931305903058055 0.3127792199358942 1 1 1 1 1 1 1 1 1 1
103 1030 -0.30879502144878607 -0.0013969316992544258 0.0061742281707264654 0.300941255658714 1 1 1 1 1 1 1 1 1 1
104 1040 -0.3861764463201362 -0.034589354106417614 0.00020469221465936515 0.30157930364584457 1 1 1 1 1 1 1 1 1 1
105 1050 -0.3646392279318911 -0.00828829338775141 0.004238774320685287 0.3152689614297441 1 1 1 1 1 1 1 1 1 1
106 1060 -0.3814854937590807 -0.0011754290037742122 0.006968542667648573 0.3172588174650821 1 1 1 1 1 1 1 1 1 1
107 1070 -0.3563030134191075 -0.027687475002135656 0.0007787035048306225 0.2913852737153565 1 1 1 1 1 1 1 1 1 1
108 1080 -0.32995805621182855 -0.002870139480401848 0.00869045679471178 0.24293406685492144 1 1 1 1 1 1 1 1 1 1
109 1090 -0.3217901725980688 -0.024395734750803606 0.00834573353411818 0.21866658088824978 1 1 1 1 1 1 1 1 1 1
110 1100 -0.3141577088360719 -0.028629861247624618 0.008161964356727721 0.20194466164549174 1 1 1 1 1 1 1 1 1 1
111 1110 -0.3080426129628717 -0.0037791045509480443 0.0025817556439141787 0.20275956092340658 1 1 1 1 1 1 1 1 1 1
112 1120 -0.27913489643608863 -0.007679316480336845 0.010164357142702387 0.203271568206668 1 1 1 1 1 1 1 1 1 1
113 1130 -0.2848354911708685 -0.013035844728714673 0.0007629948718201583 0.21794116550765122 1 1 1 1 1 1 1 1 1 1
114 1140 -0.2973106043421558 -0.006055097769656893 0.0040865468171223975 0.23213809638801358 1 1 1 1 1 1 1 1 1 1
115 1150 -0.3214090714126798 -0.001468956597373127 0.010819727738411687 0.25294029204162066 1 1 1 1 1 1 1 1 1 1
116 1160 -0.31004605822388853 -0.0016548382696986194 0.02636961547916617 0.24937735655143822 1 1 1 1 1 1 1 1 1 1
117 1170 -0.28179951610068227 -0.0026074033530789523 0.030878180445651715 0.2404913448342602 1 1 1 1 1 1 1 1 1 1
118 1180 -0.29755258019458 -0.008912603084514404 0.020587760952172365 0.27377918077939994 1 1 1 1 1 1 1 1 1 1
119 1190 -0.30664892990341097 -0.003588989544435266 0.012206926415932403 0.2998779743155299 1 1 1 1 1 1 1 1 1 1
120 1200 -0.3330272906647993 -0.01082942213271721 0.002622427465354093 0.2877664458373057 1 1 1 1 1 1 1 1 1 1
121 1210 -0.30741737435016553 -0.0034826226066038335 0.0041910920839732056 0.2916975106329991 1 1 1 1 1 1 1 1 1 1
122 1220 -0.29783144576437376 -0.002541797789385718 0.004808540605377623 0.2741847309503761 1 1 1 1 1 1 1 1 1 1
123 1230 -0.28595232230327466 -0.012350972038177588 0.0015843136133782197 0.292515349714193 1 1 1 1 1 1 1 1 1 1
124 1240 -0.28218324128856714 -0.00946303415584137 0.01257289644310758 0.3274620185745488 1 1 1 1 1 1 1 1 1 1
125 1250 -0.28171339698128595 -0.0047454825833234005 0.011557551333569775 0.32795985474733064 1 1 1 1 1 1 1 1 1 1
126 1260 -0.28615138775631377 -0.00621679618697675 0.009735491404744681 0.3199935027349363 1 1 1 1 1 1 1 1 1 1
127 1270 -0.2914856989184962 -0.014661086128561257 0.003325103795391882 0.32711598826680865 1 1 1 1 1 1 1 1 1 1
128 1280 -0.2838523472394169 -0.0007320829994353769 0.019447043008088638 0.30952803902833936 1 1 1 1 1 1 1 1 1 1
129 1290 -0.2901317060239095 -0.006759388106287266 0.014355953743820695 0.31353818101483955 1 1 1 1 1 1 1 1 1 1
130 1300 -0.3324845106825364 -0.007117786500843932 0.004107161185917136 0.3363817228814456 1 1 1 1 1 1 1 1 1 1
131 1310 -0.33963352850027534 -0.0008900628695488065 0.0037888597055786063 0.31868617128342436 1 1 1 1 1 1 1 1 1 1
132 1320 -0.33812327035894774 -0.0031213306630028283 0.008890496729612129 0.30845912417450644 1 1 1 1 1 1 1 1 1 1
133 1330 -0.33177228772144873 -0.01036584091939794 0.003059408311166681 0.32278779075038655 1 1 1 1 1 1 1 1 1 1
134 1340 -0.31180357672405545 -0.004556630361345198 0.00182945137176857 0.3267015875903745 1 1 1 1 1 1 1 1 1 1
135 1350 -0.2992444864410778 -0.00247434967555301 0.017291749621283412 0.34075067353412813 1 1 1 1 1 1 1 1 1 1
136 1360 -0.298302505634503 -0.007659616820019425 0.009855669194437955 0.3332135859767248 1 1 1 1 1 1 1 1 1 1
137 1370 -0.27632489482554884 -0.0035061720700557113 0.0002890902639934802 0.3062983797553446 1 1 1 1 1 1 1 1 1 1
138 1380 -0.2486882287948777 -0.008448448692937954 0.005630647649597567 0.304441817963939 1 1 1 1 1 1 1 1 1 1
139 1390 -0.2424580550538832 -0.008185506058896227 0.009000103083898255 0.2971787648231458 1 1 1 1 1 1 1 1 1 1
140 1400 -0.24787017805550124 -0.005154527342575258 0.001177733088799544 0.2718038981026772 1 1 1 1 1 1 1 1 1 1
141 1410 -0.2358252748555552 -0.004065471635660638 0.0008274010048583165 0.24836490224692412 1 1 1 1 1 1 1 1 1 1
142 1420 -0.24583505832753036 -0.009341412021131024 0.008617701219052809 0.24283863309145787 1 1 1 1 1 1 1 1 1 1
143 1430 -0.23754043620193552 -0.015760199624020282 0.009891636496304935 0.24094608647135257 1 1 1 1 1 1 1 1 1 1
144 1440 -0.24873359136663067 -0.005403846775097382 0.005848198590717517 0.24336134836827697 1 1 1 1 1 1 1 1 1 1
145 1450 -0.27636009720879123 -0.0020701341851834367 0.007291124005922836 0.24117147890315713 1 1 1 1 1 1 1 1 1 1
146 1460 -0.29559879956419066 -0.0012962295318075872 0.012805500721065163 0.23647874741864494 1 1 1 1 1 1 1 1 1 1
147 1470 -0.2613275134842304 -0.011964662532870263 0.008562845134934965 0.21153653843227124 1 1 1 1 1 1 1 1 1 1
148 1480 -0.2636201911854776 -0.005469317194457646 0.011623385664606559 0.2154569630934946 1 1 1 1 1 1 1 1 1 1
149 1490 -0.2530949418020659 -0.001735998162115695 0.007057566139238674 0.22190960179740316 1 1 1 1 1 1 1 1 1 1
150 1500 -0.2540405043668612 -0.0004317525872733146 0.0020397762440391414 0.20083272413586875 1 1 1 1 1 1 1 1 1 1
151 1510 -0.2465389431773002 -0.0017812038717591311 0.0009640096875791912 0.20785142418855365 1 1 1 1 1 1 1 1 1 1
152 1520 -0.246544942100082 -0.0006690528325206681 0.003489892405531836 0.19927751794442014 1 1 1 1 1 1 1 1 1 1
153 1530 -0.2065162005227608 -0.003063731898936048 0.0029947320788646535 0.18359915510275573 1 1 1 1 1 1 1 1 1 1
154 1540 -0.21312136691812236 -0.0044250573406069485 0.0017134112668998837 0.17555814702844527 1 1 1 1 1 1 1 1 1 1
155 1550 -0.20936302597647502 -0.003114342745285368 0.006534907022852202 0.18470862696809778 1 1 1 1 1 1 1 1 1 1
156 1560 -0.223442957043654 -0.0046367929617362694 0.010504010468251179 0.1758162142898605 1 1 1 1 1 1 1 1 1 1
157 1570 -0.26068958448489976 -0.006094040081728455 0.004125996500967103 0.1538229976887098 1 1 1 1 1 1 1 1 1 1
158 1580 -0.24893095056934172 -0.006152484923167246 0.001619863051419033 0.1498248563868559 1 1 1 1 1 1 1 1 1 1
159 1590 -0.23109568759984217 -0.003979485407113492 0.004127533456942748 0.19784474035071278 1 1 1 1 1 1 1 1 1 1
160 1600 -0.2604234758622283 -0.006235199983641823 0.007583104564746566 0.20029110746855067 1 1 1 1 1 1 1 1 1 1
161 1610 -0.28449417451249426 -0.00023851960526457508 0.00045279309677605077 0.2052648606802611 1 1 1 1 1 1 1 1 1 1
162 1620 -0.2821236014834356 -0.0076787785508335765 0.0024002226221261124 0.20120861611238622 1 1 1 1 1 1 1 1 1 1
163 1630 -0.2919725145475302 -0.0004512546132190623 0.003392356044384872 0.2156074306218585 1 1 1 1 1 1 1 1 1 1
164 1640 -0.28114251294623815 -0.00035043396049298206 0.00705207462915095 0.1867782031103437 1 1 1 1 1 1 1 1 1 1
165 1650 -0.26799654725331357 -0.00679953519196223 0.001471212806273011 0.19416571984835745 1 1 1 1 1 1 1 1 1 1
166 1660 -0.26698608907622395 -0.006480162543401322 0.003891536653767495 0.21209535418709696 1 1 1 1 1 1 1 1 1 1
167 1670 -0.298272596182686 -0.00026453354833486526 0.012587516277830706 0.2134643206782667 1 1 1 1 1 1 1 1 1 1
168 1680 -0.29891022861944294 -0.013055139037132658 0.0042560361792897605 0.21381356831312154 1 1 1 1 1 1 1 1 1 1
169 1690 -0.31433942850894575 -0.007938927185679682 0.0047154885426634666 0.20631830386598282 1 1 1 1 1 1 1 1 1 1
170 1700 -0.33088144082561716 -0.00829240049023812 0.006118718318699498 0.2006962010516673 1 1 1 1 1 1 1 1 1 1
171 1710 -0.32750412362723597 -0.0038680096293619614 0.006382587220057348 0.21402291985996738 1 1 1 1 1 1 1 1 1 1
172 1720 -0.31694412883000084 -0.002690437939316075 0.002795253340501057 0.215215471302018 1 1 1 1 1 1 1 1 1 1
173 1730 -0.2825049655957835 -0.005003765150810342 0.003389692911966874 0.19276723178308727 1 1 1 1 1 1 1 1 1 1
174 1740 -0.28330830646409055 -0.009856588990840529 0.0005798387393645328 0.18492394361179146 1 1 1 1 1 1 1 1 1 1
175 1750 -0.2723586437808022 -0.00013780426975419313 0.0034435421292316366 0.1997021678323611 1 1 1 1 1 1 1 1 1 1
176 1760 -0.2773220877786335 -0.0058362638895537175 0.005206198600421705 0.21379672452248322 1 1 1 1 1 1 1 1 1 1
177 1770 -0.26895658600127964 -0.010618351664779008 0.005935383947667464 0.2273384619013622 1 1 1 1 1 1 1 1 1 1
178 1780 -0.30172604640597817 -0.009626856342886951 0.00012974365358976755 0.2501556651213092 1 1 1 1 1 1 1 1 1 1
179 1790 -0.29906436934116654 -0.017098690837587218 0.001975496380781536 0.2547182850795733 1 1 1 1 1 1 1 1 1 1
180 1800 -0.2869700660016557 -0.01098770329945783 0.008879016198501292 0.24213530194220173 1 1 1 1 1 1 1 1 1 1
181 1810 -0.30996787327622705 -0.006337913226588722 0.0031576917270100553 0.2450581235490879 1 1 1 1 1 1 1 1 1 1
182 1820 -0.33750898837356114 -0.02692587818651059 0.0024264910041445235 0.2542882739815052 1 1 1 1 1 1 1 1 1 1
183 1830 -0.32931501647334277 -0.024338741932957236 0.0017496196842459327 0.2939248052604196 1 1 1 1 1 1 1 1 1 1
184 1840 -0.3023032530804755 -0.0066639374612729955 0.00926114458678628 0.27642413574309616 1 1 1 1 1 1 1 1 1 1
185 1850 -0.2784827808992065 -0.015588897264690241 0.009853236868064226 0.27504725893318516 1 1 1 1 1 1 1 1 1 1
186 1860 -0.280421448370533 -0.0060422358279351475 0.008486757335734223 0.26308363846803273 1 1 1 1 1 1 1 1 1 1
187 1870 -0.2827572104862269 -0.003630826027867819 0.0013885035791771573 0.26401307847385935 1 1 1 1 1 1 1 1 1 1
188 1880 -0.2826168368690548 -0.003399394011237183 0.0012463736319063895 0.23529227600999075 1 1 1 1 1 1 1 1 1 1
189 1890 -0.2896763167163484 -0.021464714480905256 0.02730895844096067 0.22878632429911308 1 1 1 1 1 1 1 1 1 1
190 1900 -0.24948836338689476 -0.021717036027206156 0.010786010581684881 0.2766863189754438 1 1 1 1 1 1 1 1 1 1
191 1910 -0.28351565003445905 -0.0013828740049500261 0.012571015000483896 0.30211376629799447 1 1 1 1 1 1 1 1 1 1
192 1920 -0.24646542386413384 -0.020680766710187228 0.007187629957950572 0.31953681437444514 1 1 1 1 1 1 1 1 1 1
193 1930 -0.27015990700220194 -0.012185472048364024 0.0028143115280349516 0.3243283582066658 1 1 1 1 1 1 1 1 1 1
194 1940 -0.3020274491457621 -0.0016547149098088663 0.001966426116181919 0.313930414470453 1 1 1 1 1 1 1 1 1 1
195 1950 -0.2731346696253494 -0.0016635272829190004 0.008631108508605654 0.3271607520931446 1 1 1 1 1 1 1 1 1 1
196 1960 -0.27131679616033416 -0.0023119530906273913 0.0034948584658278372 0.32489918312115784 1 1 1 1 1 1 1 1 1 1
197 1970 -0.2799320704289176 -0.001743339847567589 0.00595115085220055 0.35339059221147795 1 1 1 1 1 1 1 1 1 1
198 1980 -0.3092606579111737 -3.151799550356348e-05 0.009154670589951897 0.3466172865054897 1 1 1 1 1 1 1 1 1 1
199 1990 -0.32121157206079337 -0.0013983103383660243 0.00018896518776602585 0.3120552906395648 1 1 1 1 1 1 1 1 1 1
200 2000 -0.3298900188658426 -0.000522848204813445 0.007085243630880187 0.28290393100964023 1 1 1 1 1 1 1 1 1 1
201 2010 -0.2944689272714012 -0.009211253817116424 0.010369783473216421 0.26360343629017086 1 1 1 1 1 1 1 1 1 1
202 2020 -0.30378946772848586 -0.008984036505788497 0.010922237542028396 0.22352273266508618 1 1 1 1 1 1 1 1 1 1
203 2030 -0.3304194019792033 -0.008262768874640664 0.012961055733812725 0.21776746948663753 1 1 1 1 1 1 1 1 1 1
204 2040 -0.31757402158635767 -0.01632725696283467 0.01703215420701198 0.2272314358531417 1 1 1 1 1 1 1 1 1 1
205 2050 -0.32173711698961105 -0.00881715189510895 0.0075719324667245565 0.24368576918823392 1 1 1 1 1 1 1 1 1 1
206 2060 -0.30085405757779204 -0.008970198063548703 0.0032036041734795533 0.24948395156427164 1 1 1 1 1 1 1 1 1 1
207 2070 -0.2901148931594033 -0.001573129300313934 0.0013040507262920534 0.24684334437487954 1 1 1 1 1 1 1 1 1 1
208 2080 -0.29836216929655823 -0.00568429328903044 0.0007052761875287834 0.27656106349139664 1 1 1 1 1 1 1 1 1 1
209 2090 -0.29768444420040263 -0.023191466873338337 0.012218517051821 0.30057513512106565 1 1 1 1 1 1 1 1 1 1
210 2100 -0.28904203409929835 -0.008901080102635362 0.005401431631164713 0.2995951969639062 1 1 1 1 1 1 1 1 1 1
211 2110 -0.2792416611589883 -0.00488904935817283 0.004675316928571254 0.3308927657405242 1 1 1 1 1 1 1 1 1 1
212 2120 -0.3118859011882559 -0.014453229940287932 0.00014834430473741902 0.32690812786382945 1 1 1 1 1 1 1 1 1 1
213 2130 -0.3331957640026926 -0.0033591557510372935 0.025254423886962436 0.3112304319457956 1 1 1 1 1 1 1 1 1 1
214 2140 -0.3615852062855457 -0.0007709682834468769 0.00181332095100189 0.3020170981678235 1 1 1 1 1 1 1 1 1 1
215 2150 -0.35891071605935987 -0.004538449535194414 0.001520607768740292 0.2940372359968278 1 1 1 1 1 1 1 1 1 1
216 2160 -0.377789516614691 -0.004815179290011773 0.004617021204547506 0.3007051203648068 1 1 1 1 1 1 1 1 1 1
217 2170 -0.37662880874115057 -0.00254041603455016 3.475036724362757e-05 0.2669798639393516 1 1 1 1 1 1 1 1 1 1
218 2180 -0.3964003086438169 -0.007384141574709054 0.005466357711200409 0.26403859745037955 1 1 1 1 1 1 1 1 1 1
219 2190 -0.38167510018265227 -0.0027842067223471695 0.009447688986604728 0.27083916235191813 1 1 1 1 1 1 1 1 1 1
220 2200 -0.3520532751316488 -0.007943464141261928 0.00015152077400952486 0.2923136634061088 1 1 1 1 1 1 1 1 1 1
221 2210 -0.31621593726552766 -0.0031761520898662137 0.01369133735677943 0.28881572126533 1 1 1 1 1 1 1 1 1 1
222 2220 -0.23812809891064524 -0.00744112370656429 0.014380988797711847 0.2862619677511657 1 1 1 1 1 1 1 1 1 1
223 2230 -0.22629766060470424 -0.0001755482265556212 0.0007508233160511836 0.2653439676698806 1 1 1 1 1 1 1 1 1 1
224 2240 -0.237907098807205 -0.0076372675357221295 0.004789905824449919 0.26327353367456546 1 1 1 1 1 1 1 1 1 1
225 2250 -0.22232164922397193 -0.0036339024840186195 0.003791231677857524 0.29436601190519 1 1 1 1 1 1 1 1 1 1
226 2260 -0.20804493576325458 -0.006783234934411682 0.015279819079501171 0.305900662669714 1 1 1 1 1 1 1 1 1 1
227 2270 -0.2100371244888375 -0.008211827258962053 0.007136110778948643 0.29245985914628664 1 1 1 1 1 1 1 1 1 1
228 2280 -0.19653939073233526 -0.008660205529140723 0.003214106604754527 0.2901178834186019 1 1 1 1 1 1 1 1 1 1
229 2290 -0.19488743543338918 -0.01506463133214757 0.0019071933162287508 0.27689719226192827 1 1 1 1 1 1 1 1 1 1
230 2300 -0.2219939316374756 -0.0012470731762425347 0.003791388624170903 0.29000001063219355 1 1 1 1 1 1 1 1 1 1
231 2310 -0.23799307373135747 -0.0008553977061980454 0.01493420676950648 0.2871680596559241 1 1 1 1 1 1 1 1 1 1
232 2320 -0.24553346679508056 -0.0009018184658108904 0.0019788799007179315 0.28747458341600957 1 1 1 1 1 1 1 1 1 1
233 2330 -0.2771603547854401 -0.0029674677790128634 0.007695203432789383 0.30434137705817654 1 1 1 1 1 1 1 1 1 1
234 2340 -0.3041303293339424 -0.015029013248538038 0.0017409075751071207 0.3039828055144155 1 1 1 1 1 1 1 1 1 1
235 2350 -0.3330124382561561 -0.00019236132489131388 0.001990313247482073 0.3052353946274137 1 1 1 1 1 1 1 1 1 1
236 2360 -0.3071466926967943 -0.001527199897690234 0.009073278262114437 0.3182310200349052 1 1 1 1 1 1 1 1 1 1
237 2370 -0.3091870877646989 -0.007748648539532765 0.010918116954827722 0.3011183394714138 1 1 1 1 1 1 1 1 1 1
238 2380 -0.27030511326943757 -0.006769319699638364 0.001070509483273219 0.3069034221739157 1 1 1 1 1 1 1 1 1 1
239 2390 -0.279650287315061 -0.01328414279672925 0.0049401998139954875 0.29477815423131626 1 1 1 1 1 1 1 1 1 1
240 2400 -0.2957754376437357 -0.013235124375627185 0.0021395400682123105 0.26152802110895335 1 1 1 1 1 1 1 1 1 1
241 2410 -0.2776413737065866 -0.007116511312040528 0.012886720271001137 0.2718681629668809 1 1 1 1 1 1 1 1 1 1
242 2420 -0.2838254841353167 -0.014530526949263642 0.0019516749751017834 0.2857004770830062 1 1 1 1 1 1 1 1 1 1
243 2430 -0.27479825832577764 -0.01684005401421705 0.004375545727087805 0.3044776106566238 1 1 1 1 1 1 1 1 1 1
244 2440 -0.23874967483306986 -0.009896709021353116 0.0005326645771411216 0.3221382436731348 1 1 1 1 1 1 1 1 1 1
245 2450 -0.21972921525866804 -0.012706471535942458 0.012857910108775263 0.32331482110044896 1 1 1 1 1 1 1 1 1 1
246 2460 -0.23162152379189332 -0.015392630466824596 0.0003244622866316901 0.31428473443971217 1 1 1 1 1 1 1 1 1 1
247 2470 -0.25127828752981596 -0.013056608688014823 0.00407367242086213 0.2900584478240646 1 1 1 1 1 1 1 1 1 1
248 2480 -0.23754466534372923 -0.007554360704945951 0.014511126394980856 0.31154318998426583 1 1 1 1 1 1 1 1 1 1
249 2490 -0.2626227481776329 -0.02534099337203319 0.00011169906662080997 0.2881915840831897 1 1 1 1 1 1 1 1 1 1
250 2500 -0.24768113824996954 -0.008258086754035492 0.012544528851710047 0.30018424292629275 1 1 1 1 1 1 1 1 1 1
251 2510 -0.24957493770596173 -0.0003811361132619918 0.006129175143180213 0.30944205011008513 1 1 1 1 1 1 1 1 1 1
252 2520 -0.24264924647225303 -0.01995272486048488 0.0030359179355243693 0.3265534524436754 1 1 1 1 1 1 1 1 1 1
253 2530 -0.2577194492691933 -0.024481950533040857 0.004232459712838854 0.3119944672414158 1 1 1 1 1 1 1 1 1 1
254 2540 -0.26398177012689406 -0.0015242384616473907 0.0034761026479930347 0.2827783681299515 1 1 1 1 1 1 1 1 1 1
255 2550 -0.25019579471557774 -0.00012972101084085698 0.014250422578950114 0.2926030343970983 1 1 1 1 1 1 1 1 1 1
256 2560 -0.2756144635933391 -0.007947483119691722 0.008669187660261705 0.2558697324659813 1 1 1 1 1 1 1 1 1 1
257 2570 -0.2780237070598659 -0.016240451794235604 0.0075913361228372505 0.24998887462982516 1 1 1 1 1 1 1 1 1 1
258 2580 -0.2719573576213153 -0.012728940120354151 0.017130971004575613 0.26924910137671715 1 1 1 1 1 1 1 1 1 1
259 2590 -0.28677533030870117 -0.012300258805240629 0.01840512324768552 0.278837678180943 1 1 1 1 1 1 1 1 1 1
260 2600 -0.2938639936828111 -0.019876861899457417 0.0027140730638651137 0.2897682898602336 1 1 1 1 1 1 1 1 1 1
261 2610 -0.2894177669286964 -0.005399697407349415 0.02075180244431235 0.28931625865918414 1 1 1 1 1 1 1 1 1 1
262 2620 -0.2777908743496839 -0.0062060510486609596 0.01743467077351556 0.3050358709226977 1 1 1 1 1 1 1 1 1 1
263 2630 -0.2680898292272822 -0.0035929701390414953 0.011522748070063085 0.3175315154149835 1 1 1 1 1 1 1 1 1 1
264 2640 -0.24036075831646572 -0.015974843737060956 0.0018040609873574978 0.2556949256728708 1 1 1 1 1 1 1 1 1 1
265 2650 -0.24335392526977717 -0.020335513136895612 0.013361099568247468 0.30048288115413585 1 1 1 1 1 1 1 1 1 1
266 2660 -0.25373880519984493 -0.007033163523723988 0.009055861808611338 0.2946284455092907 1 1 1 1 1 1 1 1 1 1
267 2670 -0.26242349297498013 -0.0016724375152060052 0.005763982597782269 0.24816494825261465 1 1 1 1 1 1 1 1 1 1
268 2680 -0.27386627405035613 -0.0014452393853782248 0.019418703808908366 0.24648104202885007 1 1 1 1 1 1 1 1 1 1
269 2690 -0.3100651763051804 -0.00047313580847430407 0.0005955030326584747 0.2786712351044906 1 1 1 1 1 1 1 1 1 1
270 2700 -0.29462165458840284 -0.0027021472810982434 0.001154077650193915 0.26456860772157925 1 1 1 1 1 1 1 1 1 1
271 2710 -0.3066791077874999 -0.004883062804440026 0.0026151584676525246 0.2634642666509101 1 1 1 1 1 1 1 1 1 1
272 2720 -0.2858649752924636 -0.0015812352141259802 0.00563610272445406 0.26616979103650956 1 1 1 1 1 1 1 1 1 1
273 2730 -0.3033977325067808 -0.006158245506492321 0.0030148394400216815 0.2636408180760409 1 1 1 1 1 1 1 1 1 1
274 2740 -0.2675353720354364 -0.007468897730263144 0.002956084732264085 0.26635714976215197 1 1 1 1 1 1 1 1 1 1
