% # columns="iteration, evaluation, sigma, max axis length,  min axis length, all principle axes lengths  (sorted square roots of eigenvalues of C)", seed=56374, Thu Jul 25 12:03:47 2019
1 10 0.4783102776646721 1.0000450010125153 1.0 1.0 1.0000050000125 1.00001000005 1.0000150001125006 1.0000200002000015 1.0000250003125026 1.0000300004500045 1.0000350006125072 1.0000400008000108 1.0000450010125153
2 20 0.4390409893332779 1.0698131124688852 0.9310547146891361 0.9310547146891361 0.9646409567530765 0.9746286870594807 0.9859815645301673 0.997398011220727 1.0002213367862867 1.002358855134359 1.0075494416100645 1.0219031744171785 1.0698131124688852
3 30 0.408609985745645 1.081702274890932 0.8768468900567475 0.8768468900567475 0.9289221925991701 0.9551463369527193 0.9661021717343563 0.9855881976169505 0.999118377253756 1.0164963622726177 1.0388470921836668 1.0472943846676797 1.081702274890932
4 40 0.4227333086086735 1.0754106023707966 0.8407366676991082 0.8407366676991082 0.912062849643676 0.9350753962441326 0.9620896896727761 0.9789285711155835 0.9921976180134369 1.0142732687865244 1.0383891412974076 1.0668596287087 1.0754106023707966
5 50 0.40407025997084517 1.1591695297553422 0.8098029721412427 0.8098029721412427 0.9072029001065534 0.932995617235294 0.9413166860447159 0.9812502774531227 0.9934667704790967 1.0168778102106704 1.0496836616931073 1.0614573702262506 1.1591695297553422
6 60 0.384893287967286 1.1531323287359034 0.7353807765851261 0.7353807765851261 0.9183494631660425 0.9299001934639067 0.9344383261683907 0.9737927954204249 0.9936929447898979 1.0168172239275264 1.0522225207359264 1.0816532716372456 1.1531323287359034
7 70 0.3711406701831469 1.1586411251139919 0.692374613172041 0.692374613172041 0.8952927453240467 0.9205561787394358 0.9359099960921305 0.9696578331006692 0.9843018837678139 1.035475854389599 1.0528420222536963 1.0546855373459638 1.1586411251139919
8 80 0.3572794372746578 1.1541197262558553 0.6805486875539347 0.6805486875539347 0.8705469871766832 0.890102716304689 0.927746856451584 0.955980669718456 0.9756192071056383 1.034600318772056 1.0728768756522873 1.0822521334418727 1.1541197262558553
9 90 0.34162924592984073 1.1557447148844235 0.6689488155012991 0.6689488155012991 0.8570867036062408 0.8770225948420228 0.9278942285832695 0.9583998696775583 0.9615431620514233 0.998454114420211 1.0704046614751161 1.098991553629049 1.1557447148844235
10 100 0.30929306358037484 1.1547855019425168 0.6551221906176595 0.6551221906176595 0.8526541218899244 0.8742695739963813 0.8891431627339211 0.9174420180795684 0.9691602989821271 1.0046888972090946 1.080483067968337 1.0981115046863037 1.1547855019425168
11 110 0.30675804885694813 1.1567592707487764 0.634224935599236 0.634224935599236 0.8409371642670611 0.8591768009269634 0.8876001465421415 0.9195551873538533 0.9576972879240027 1.0192316039014848 1.048243472622339 1.081616513021552 1.1567592707487764
12 120 0.2863523243026126 1.2121165747373968 0.6187067034331856 0.6187067034331856 0.7854256227172676 0.8611928900166124 0.8904462515351694 0.9254607184087109 0.9541146070691893 1.0083690386217852 1.0449947334661127 1.0848631300230605 1.2121165747373968
13 130 0.25871501685457854 1.245711359590279 0.6137305960722215 0.6137305960722215 0.7642684809875833 0.8610016955300674 0.8897011791850102 0.9207526981274 0.9383828296469366 1.0119115734490147 1.0395397718601245 1.0995477262659434 1.245711359590279
14 140 0.2501867335815414 1.252875034903928 0.583803798902276 0.583803798902276 0.7625620704332638 0.8235427374931656 0.8761697911998388 0.917882188923587 0.93406077427817 0.9928042869709686 1.0834903948237562 1.1059984480804206 1.252875034903928
15 150 0.24329614365665805 1.2537821731151966 0.5708737721352883 0.5708737721352883 0.7284838816084284 0.8153920993592555 0.8618079768213429 0.8750305562920799 0.9703187215566424 1.008888405973979 1.0711011902733911 1.1348197546555003 1.2537821731151966
16 160 0.2389054275855752 1.2370133502113372 0.550265844241608 0.550265844241608 0.7014165290137021 0.8349587904988185 0.8498176210529217 0.8732241620052059 0.9902547379602764 1.0032362311492162 1.089056493237265 1.1318450104349962 1.2370133502113372
17 170 0.22024241730720093 1.2327954062880522 0.5213549115454655 0.5213549115454655 0.6962711384725382 0.8281034895634427 0.8588180317932318 0.901068630352347 0.9905949247083986 0.9945516765953955 1.0673861497199804 1.137311749120473 1.2327954062880522
18 180 0.2096804360656584 1.2134496204964331 0.5172896736476237 0.5172896736476237 0.6879009749279661 0.8315936772000134 0.8551956540432615 0.8778304711956181 0.9652743743083391 0.9972503058924871 1.0772869827197118 1.115980280859409 1.2134496204964331
19 190 0.1927544736445038 1.2193357516841368 0.49145061596398254 0.49145061596398254 0.6723311898207832 0.8348283924766872 0.8522765566254973 0.887957818132029 0.9324059299322824 1.0130237715765185 1.0822211781637165 1.1134906597867886 1.2193357516841368
20 200 0.16741451909050595 1.2193614258026864 0.47431477997824784 0.47431477997824784 0.648936531088641 0.8217040622140943 0.8491516094385895 0.887781310982009 0.924814361131713 1.0258395647336322 1.0814981677397766 1.1400219458560477 1.2193614258026864
21 210 0.149548886145292 1.224312888010858 0.44921777504102206 0.44921777504102206 0.6236071246771426 0.8188347102682227 0.8507682428295206 0.893753414361655 0.9216862002084718 1.029187853753583 1.0843606041014189 1.1109995728559856 1.224312888010858
22 220 0.141690570819516 1.2163459263504857 0.44779531295464803 0.44779531295464803 0.5965136207035121 0.8184187262189659 0.8558622217064499 0.8658645513695812 0.9269631442672691 1.0177995322595381 1.0747351891173589 1.120025122707065 1.2163459263504857
23 230 0.1411206777205259 1.2111799756228951 0.4349028402199477 0.4349028402199477 0.5875880323378908 0.8159316257973975 0.859304987472391 0.8875875942686666 0.9130479511195881 1.0197801370791588 1.0426969100689822 1.106623965136337 1.2111799756228951
24 240 0.14066739041135612 1.2416929559775907 0.42666085598058373 0.42666085598058373 0.5542312799973734 0.8048258684862876 0.8614853108429169 0.8852663191588539 0.9313068872520192 1.017457364126627 1.0393232979408735 1.1306887653345556 1.2416929559775907
25 250 0.13449379836473105 1.2255915649283236 0.4157635412670219 0.4157635412670219 0.544546892118553 0.8033507043269246 0.8568374544851747 0.8861655348889909 0.9218222111560749 1.0311804199804424 1.0524031383091748 1.114454657450322 1.2255915649283236
26 260 0.11919524901575526 1.2169831393316033 0.4138586395649298 0.4138586395649298 0.5282009799250346 0.7979659451539709 0.8473617991107789 0.8754309857526403 0.9000439455662637 1.0063660010224404 1.0640891994460815 1.1295666131444155 1.2169831393316033
27 270 0.1152070788722893 1.234377284845016 0.4135722330074973 0.4135722330074973 0.5056157645297054 0.757235808661975 0.8502278841324796 0.860627219626263 0.9001628957728486 0.9960339721520972 1.0903390467113372 1.1318218523174988 1.234377284845016
28 280 0.11316905248210339 1.204929538489722 0.41482922625267205 0.41482922625267205 0.4979805761485818 0.7299426889087626 0.8467299020977574 0.8929258902660712 0.8988422315571885 0.9959990587873916 1.0685663726213661 1.1357720547757415 1.204929538489722
29 290 0.11857340041196239 1.2593446793620744 0.4112108988777918 0.4112108988777918 0.48668125121995864 0.7089257446265035 0.8012045806069381 0.9071664089646574 0.9107737202897215 0.9964412915878131 1.0678122372453909 1.1345177033408334 1.2593446793620744
30 300 0.11871035123338701 1.3272426532605779 0.3998265685733696 0.3998265685733696 0.4873269167559839 0.7070361382937984 0.7893668010500454 0.8964655769396347 0.9270733866335509 1.0124478640814099 1.0564550725645026 1.1184364749867988 1.3272426532605779
31 310 0.12073759240952249 1.3343094078791848 0.39470403308272656 0.39470403308272656 0.46642384515232405 0.6939379992399716 0.7860536557382705 0.883382474285927 0.9472278197175068 1.024352939913569 1.0571304290793175 1.0960191440744034 1.3343094078791848
32 320 0.12141042301869663 1.3368891644275667 0.37232651067830214 0.37232651067830214 0.45577728602711853 0.6870927096006402 0.788305428182945 0.8743350974588655 0.9462681644149729 1.0222290395483014 1.0856577639291363 1.1300549864229046 1.3368891644275667
33 330 0.11589982616062378 1.3085088207310818 0.34876044688135904 0.34876044688135904 0.45237298956014355 0.6687691416039416 0.7815927672073092 0.8761241399954042 0.9272145985759115 1.0225597051569857 1.0849904091111773 1.1865330677001837 1.3085088207310818
34 340 0.10529820869154005 1.2899650427264062 0.33638263874288726 0.33638263874288726 0.4421450707011945 0.6649806817834378 0.7793210215622945 0.8988872259357322 0.9167218139725052 1.0057420854188182 1.0831690326454702 1.1870386645808246 1.2899650427264062
35 350 0.09502770434986375 1.2988798675278443 0.3172035085642141 0.3172035085642141 0.4331246463180347 0.6584166413493737 0.781175381816994 0.8859798972091989 0.914946988416869 0.9975688497824486 1.0878212503236697 1.179417079115674 1.2988798675278443
36 360 0.08680489668839676 1.2736353201709836 0.3012488116771492 0.3012488116771492 0.4280781954106259 0.6546366763050958 0.7816284971143616 0.8934278111107484 0.9139508812961116 1.0047259765493548 1.078612101131706 1.1718180595641627 1.2736353201709836
37 370 0.07691825737457304 1.2571900647717063 0.2970907953250317 0.2970907953250317 0.41382807640578706 0.6404781825575044 0.7682581222521866 0.8946982530720456 0.9057587846072116 0.9990924118364299 1.0813452303800328 1.1639306778181675 1.2571900647717063
38 380 0.0726101288898497 1.262083316999917 0.2944251336511363 0.2944251336511363 0.4003510480388307 0.5969556136157658 0.7855478597729745 0.8749504069083872 0.9104593632726047 0.9956584899843538 1.0734032665755673 1.185058504499457 1.262083316999917
39 390 0.0660517205061548 1.2950163764705307 0.29253949248423505 0.29253949248423505 0.3887168122953029 0.58416086339038 0.7861751473113532 0.8605041947502571 0.9050761628183556 0.9886895803560665 1.0851679495284787 1.1888986632615592 1.2950163764705307
40 400 0.06254565580379153 1.3140082286663564 0.27330438733127876 0.27330438733127876 0.3859635504183111 0.5810797515264078 0.7580459912336063 0.862826011971809 0.9102297455601012 0.9870784392641861 1.0771222302440862 1.228235298832494 1.3140082286663564
41 410 0.061061009208162126 1.3236959928949046 0.26688209774545674 0.26688209774545674 0.38338206091360083 0.5793982149792322 0.7483022424280062 0.844084738140107 0.8957709893366184 0.9939398788882494 1.0769869532234346 1.2302473365367188 1.3236959928949046
42 420 0.06122609636707823 1.3286582381404382 0.26548915741274526 0.26548915741274526 0.37614705482901833 0.558127154636458 0.7341841331641061 0.8510451058062254 0.9078437651536506 0.9813537860631686 1.0947651252758688 1.2238552507558778 1.3286582381404382
43 430 0.056887013095572744 1.3694524937110022 0.2638493539569036 0.2638493539569036 0.36634169124897253 0.5508041729830836 0.7451473689621546 0.8604518609763179 0.894267225980963 0.9493937721701925 1.087911845372512 1.218102483243389 1.3694524937110022
44 440 0.050993892534583765 1.3686761608021796 0.2618752769186098 0.2618752769186098 0.34466390173649025 0.5501891995723109 0.7481675404772644 0.8645817497928048 0.8782683302014647 0.9320517781171576 1.0812867644991742 1.2110655017175758 1.3686761608021796
45 450 0.052168303574866175 1.335556906727613 0.2534349018464689 0.2534349018464689 0.3472363093610955 0.5264323872525678 0.7498722151632563 0.8484712131129051 0.8693513503950577 0.9332543820287555 1.0865023639785076 1.2045138375009066 1.335556906727613
46 460 0.05235733150192138 1.3138632960676604 0.24389451143148266 0.24389451143148266 0.34328237713304754 0.5304792432654549 0.7498505203361476 0.8513464380293407 0.8807367963733471 0.9379625719866069 1.0771902614020683 1.211487237047519 1.3138632960676604
47 470 0.04636798813334813 1.3063547222263783 0.24006567605068968 0.24006567605068968 0.3439314455686252 0.5152649202351073 0.7251651905770053 0.8691204001621882 0.8888633162754782 0.9454609897121198 1.0963464982856923 1.2199443171999758 1.3063547222263783
48 480 0.04244820914654351 1.2807431803535378 0.23736560860692527 0.23736560860692527 0.33562826315082894 0.5002988334377902 0.7281736269631732 0.8591352570051815 0.8941002554413279 0.9344149796075023 1.0723336703592194 1.208580182458181 1.2807431803535378
49 490 0.04048459298770895 1.26647648374124 0.23455462807197838 0.23455462807197838 0.33587043760822693 0.4748391715312903 0.7043774083359686 0.8525661623479368 0.8930812744124746 0.9388881026730103 1.0718754529839156 1.1966466415680421 1.26647648374124
50 500 0.04036700750458048 1.2801578263908069 0.2304894377039883 0.2304894377039883 0.3356152234381843 0.46832714200908143 0.6999858003459734 0.8603284177779084 0.8783097912580791 0.9389372329938465 1.1054747441760402 1.1940453303921899 1.2801578263908069
51 510 0.04071403626505482 1.2470899780696 0.2201611386510392 0.2201611386510392 0.3340772895280723 0.4697041648222982 0.6912144729092095 0.8418580291133402 0.8964750703246422 0.9622723059523539 1.1109530885355714 1.1969021393156598 1.2470899780696
52 520 0.04451797603400328 1.2932308493956444 0.21561264468042884 0.21561264468042884 0.32966888144825884 0.4553599896081299 0.7037579403269224 0.8457970917277613 0.8964278651677382 0.9491868287497053 1.1183347033101674 1.2010518117104882 1.2932308493956444
53 530 0.0468149876566239 1.387748576773695 0.2032913965051556 0.2032913965051556 0.3243448692120802 0.45583636591221677 0.6957682311532759 0.8462795230595508 0.9184123256409154 0.9487063229546748 1.1138224513484747 1.1986280957317978 1.387748576773695
54 540 0.05063969941548581 1.472389126449281 0.19912903878888283 0.19912903878888283 0.31042688620219483 0.4596380181259674 0.6785506738842905 0.8274490824243927 0.913605028025756 0.9496107609782698 1.0875190005534454 1.2214056784570493 1.472389126449281
55 550 0.051690367006439975 1.5262394696185564 0.20131049191207528 0.20131049191207528 0.2956344239494911 0.4614798971702346 0.6698438042363276 0.8183686466599865 0.911804601044649 0.938170824598648 1.0939073456389279 1.2669214358750887 1.5262394696185564
56 560 0.05123221216889466 1.5406703836501123 0.19813244264290045 0.19813244264290045 0.29423289815065207 0.45120853884121004 0.6756989815780016 0.8045246480966614 0.9021086876795197 0.9291774227706603 1.1108273345827289 1.247774110433422 1.5406703836501123
57 570 0.052154589207457344 1.544355871725316 0.19855724766594998 0.19855724766594998 0.29099036548488827 0.4423486354638454 0.6589877544017506 0.7970079752016614 0.8906127677022551 0.9376318843900895 1.1274756551761442 1.2296694799744614 1.544355871725316
58 580 0.05432424923024557 1.4890020354924802 0.20065578966678835 0.20065578966678835 0.2843059769045513 0.4407039768084382 0.6528557755537926 0.8269649339086191 0.8756606151106702 0.9545703540274693 1.1429450629508022 1.1962006703504302 1.4890020354924802
59 590 0.060352852303544625 1.489533473853006 0.19592540855015775 0.19592540855015775 0.2813160340746355 0.44168061804898767 0.6530939030173345 0.8261928645370634 0.8541413963610271 0.9775628283340636 1.1332244797656057 1.186838816584558 1.489533473853006
60 600 0.0614389895726505 1.6354974613691853 0.19379311180297362 0.19379311180297362 0.2812484113426686 0.4361167749115263 0.6522515398816819 0.8140793552784575 0.8609626240194044 0.9811716226472846 1.109437910220916 1.1739365916174 1.6354974613691853
61 610 0.061702528372013885 1.631362946462804 0.18937630538071662 0.18937630538071662 0.2771784590994012 0.43047405028258434 0.6527244090061691 0.8206484432623569 0.8587164028154992 0.9690040500436397 1.0985371359956768 1.1748170908635862 1.631362946462804
62 620 0.060434336512021354 1.6020609414615437 0.1924666768966461 0.1924666768966461 0.2688866957820787 0.4138162769000589 0.6465276176052953 0.8336645033776201 0.8611258603077058 0.9449505833796609 1.1026241963569312 1.2116575808207903 1.6020609414615437
63 630 0.062426950137354345 1.6337272518628538 0.19354844368498192 0.19354844368498192 0.2630763800813985 0.4084477884406075 0.6385631052586714 0.8161649872158243 0.8538425495535638 0.9271386352066723 1.0886100781937618 1.2162594303818242 1.6337272518628538
64 640 0.057149730230232974 1.7946828035535036 0.17737679430165815 0.17737679430165815 0.2619307020045636 0.4069838872911791 0.6349761145902684 0.8087162835580564 0.856745623802131 0.9292361776689323 1.0844773847257063 1.243210290068632 1.7946828035535036
65 650 0.05446640903621162 1.794500845929104 0.17793847989467715 0.17793847989467715 0.26032661480522473 0.3868592098117347 0.6299564871333518 0.8053215511499681 0.8605688314242264 0.9361330966455316 1.0729457111190148 1.2225384873174638 1.794500845929104
66 660 0.05356827451884927 1.8094789934469586 0.17721602274346832 0.17721602274346832 0.24940731582305845 0.37475977835429664 0.6298434942875989 0.8033398433756532 0.8502670643758469 0.9400787577345079 1.0344469877580293 1.2291926974265772 1.8094789934469586
67 670 0.05239782920125075 1.8146443228843632 0.17432813993539903 0.17432813993539903 0.24423450542527364 0.3745682665086381 0.6192533157732947 0.7843168351170869 0.8440866334358111 0.946062210239049 1.0299048008706424 1.2367962510700414 1.8146443228843632
68 680 0.04957969495799942 1.8456488561014721 0.17405245879291967 0.17405245879291967 0.2452126982510098 0.36242519710546933 0.6083646551870877 0.7758279379169193 0.8356589939609078 0.9265149854169172 1.0327519633838582 1.2674780080285413 1.8456488561014721
69 690 0.048523019034272585 1.815752389209868 0.17336044083798907 0.17336044083798907 0.24671998852423266 0.36224988404587855 0.5972530652786424 0.7563387612394595 0.8098206075491007 0.9299603273573912 1.0396084237711516 1.2696248689441227 1.815752389209868
70 700 0.049370414056973 1.8466407871362462 0.1675896560778232 0.1675896560778232 0.23608608970164113 0.354891777445478 0.5899333860841077 0.7582416393815247 0.8085466001238084 0.9439019250503999 1.042970157443325 1.2655480485915 1.8466407871362462
71 710 0.052695747422193275 1.8203618449314254 0.165008393796485 0.165008393796485 0.2350528207312129 0.3530899800620402 0.5641856491567596 0.763868173029658 0.8087075591975756 0.9489215418477777 1.0500218225883622 1.3158361994903374 1.8203618449314254
72 720 0.058154138412665805 1.830484810295203 0.16308049350665987 0.16308049350665987 0.23404306117195245 0.35103157460040546 0.5584420655444182 0.7804871516433598 0.8135672660218068 0.9418298078153005 1.0351906614331163 1.3332130495926007 1.830484810295203
73 730 0.06132444765872141 1.989394283333347 0.1613219566155792 0.1613219566155792 0.2243515758254622 0.35056870567109627 0.5501647803170104 0.7490706727747497 0.8328530540798491 0.9510027378569322 1.0304844854382276 1.3434546023767402 1.989394283333347
74 740 0.05924465598891906 2.0400020010585203 0.152717217015759 0.152717217015759 0.22327427441374317 0.34245224335488533 0.554050813835696 0.7356838030911669 0.8596952455378852 0.959732230592821 1.021511680734317 1.3449245999242376 2.0400020010585203
75 750 0.05775137131756602 2.0793507837581826 0.14714397075265234 0.14714397075265234 0.21445380918465118 0.33476404684705874 0.5489264964402852 0.7330012139157278 0.861106296258243 0.9674099800203135 1.0180665604929662 1.3553346382472748 2.0793507837581826
76 760 0.05463837389519972 2.095486463135369 0.14330642350962097 0.14330642350962097 0.21081293489687014 0.3360418485786696 0.539918617108158 0.7151187177803721 0.85208783643629 0.9476308832297416 1.0413070190017946 1.3369210369704945 2.095486463135369
77 770 0.051994882125568825 2.053914328541138 0.1421557366601713 0.1421557366601713 0.2103826167748565 0.333232202847612 0.5198387706259259 0.7162702897130427 0.8510715847573272 0.9348360461757128 1.0414568302200173 1.3224311802820263 2.053914328541138
78 780 0.047654375515706913 2.0457186948570634 0.1346124219265463 0.1346124219265463 0.21043711353060648 0.3340448589994474 0.5173773866243871 0.6895508827854404 0.84872691417506 0.9233264356860432 1.0462799963831095 1.32973985699006 2.0457186948570634
79 790 0.04532641980910655 2.071470010911538 0.13205590536160638 0.13205590536160638 0.20109621017135906 0.3304761239987234 0.5110960167699145 0.6674878492444287 0.8420519542886589 0.933877321021536 1.061775913559134 1.3320700227780158 2.071470010911538
80 800 0.04405418811799646 2.0655622270578644 0.12855676095997867 0.12855676095997867 0.20918778780482575 0.3152941063770308 0.5032684992073069 0.656608056995103 0.8443055219148864 0.9238487145214391 1.055232462407275 1.331856555897736 2.0655622270578644
81 810 0.04064594536887906 1.9792472321366843 0.12780777181383687 0.12780777181383687 0.21130453214393524 0.310923869961052 0.4993965395879757 0.656957877710003 0.8254293975917267 0.9474627997431925 1.0364887755496834 1.3469071638732548 1.9792472321366843
82 820 0.03810106824127918 1.9685435486380771 0.1288966127304197 0.1288966127304197 0.19803184282362427 0.3101474574766733 0.49164986555736634 0.6701492809787648 0.8199158976932064 0.9436365165047458 1.0180880067687224 1.3296274703834967 1.9685435486380771
83 830 0.03875511245726396 1.940215654721827 0.1302644937575204 0.1302644937575204 0.19607819227516451 0.30405860843441407 0.49116795211084796 0.6450511762964919 0.8184892675523262 0.9439698195113347 1.0069895303940357 1.3476634660234992 1.940215654721827
84 840 0.040918204233833216 1.9637063570993014 0.12752629587480535 0.12752629587480535 0.1932003510373323 0.2941849953194798 0.4864341521925788 0.650490267178601 0.8339258640714025 0.9313182357919966 1.052212233843152 1.3356902659086114 1.9637063570993014
85 850 0.04212832715660912 1.9442409686007056 0.12562861821207327 0.12562861821207327 0.19132919697489523 0.29473241534663747 0.4772353378168124 0.6530966048176613 0.8416384260100547 0.9506115381981606 1.0538743526721372 1.341304812110965 1.9442409686007056
86 860 0.042862226573334924 1.9575265447741261 0.12433032003016666 0.12433032003016666 0.19005893315190672 0.2923150068944696 0.47220386823863764 0.6441594214256398 0.8445270674265397 0.9343547189122938 1.0788288507953536 1.333223998633811 1.9575265447741261
87 870 0.0407514128329221 1.951211793742944 0.12423008794647578 0.12423008794647578 0.19204089373517946 0.2866551090426128 0.47207591204824934 0.6295707361173187 0.8450912287558185 0.9425499009892361 1.0611720751301734 1.3203678951181324 1.951211793742944
88 880 0.043735558185377374 1.9281419647682816 0.12023579723549414 0.12023579723549414 0.1902851385480284 0.2840715885221479 0.45810592616480156 0.626374680110628 0.8476031993137138 0.9211835974455911 1.06716230972404 1.3030761224310967 1.9281419647682816
89 890 0.042401080815587 1.9859772773224833 0.11691522071477167 0.11691522071477167 0.18365405044901523 0.285551210642332 0.4736986391648191 0.6278643787637267 0.8494284208352576 0.9324328507174097 1.0721957436024743 1.3031117130768792 1.9859772773224833
90 900 0.04339682763433501 1.9818345458700428 0.11644339309545267 0.11644339309545267 0.18327314995511426 0.27987963190935256 0.45164457219063775 0.6284855128205956 0.8446670056903023 0.916919301578266 1.1121731659655667 1.2738036757691888 1.9818345458700428
91 910 0.04626101579256481 1.9466509862938248 0.11388469813557416 0.11388469813557416 0.18102656475159248 0.2847953985879234 0.44690552181948 0.6298752983374517 0.8058632821962098 0.9283386101393986 1.1394415425632964 1.2621950068866796 1.9466509862938248
92 920 0.044067463743388505 2.036221917469736 0.11209708370866527 0.11209708370866527 0.1808484568499602 0.27790188838283525 0.45649864099003756 0.6073471971922433 0.7979859664877657 0.9237570995839324 1.1709040194607 1.2603406952011227 2.036221917469736
93 930 0.045308552798251064 2.024041900009521 0.11200349976512124 0.11200349976512124 0.17628346940109746 0.26622167336765534 0.4557955080561435 0.6046078211747119 0.7934817652181995 0.9215607462424518 1.1847876571183502 1.2872665421157412 2.024041900009521
94 940 0.04735014973530882 1.984713955399644 0.1092897021420406 0.1092897021420406 0.17786220636905314 0.26779307193602303 0.4744474875545332 0.6010697873701945 0.7609664123032063 0.9082865304332539 1.1913561088210838 1.3181810198582886 1.984713955399644
95 950 0.05303431477402604 1.9599834300323073 0.10998301667988603 0.10998301667988603 0.17358946126559072 0.2706127658751327 0.4586385062415325 0.5937506406247904 0.7480047653211006 0.9099371964756539 1.1605211412018652 1.4029837816689965 1.9599834300323073
96 960 0.057104706228107566 1.937148238980454 0.11031555596841874 0.11031555596841874 0.17093757954937738 0.2619175997377732 0.4516837640746065 0.5751158238922248 0.7320619272147314 0.914418648233188 1.1494185578876799 1.6065004329918748 1.937148238980454
97 970 0.05827125995660423 1.9120272835157104 0.11054640181046581 0.11054640181046581 0.1663693970751633 0.2567103102932442 0.45164921977027583 0.5660760732223451 0.7243331890246645 0.9062441023728425 1.1539517864177304 1.700491429427987 1.9120272835157104
98 980 0.06486758942202338 1.9013872195190504 0.10887812590472265 0.10887812590472265 0.16658376822679927 0.24189168930066318 0.451368865595934 0.5578974809434446 0.722203238377121 0.9001538408053381 1.1590259970766976 1.737689672316354 1.9013872195190504
99 990 0.06930906539606435 1.888006187981906 0.11078404762084539 0.11078404762084539 0.1657511585455357 0.2377472015484201 0.4585348748629233 0.543813788191614 0.7175378862998458 0.8933212915395967 1.1862894997984932 1.8044704964547371 1.888006187981906
100 1000 0.06630239987636767 1.8561086862633647 0.11008731688417288 0.11008731688417288 0.16557565254166315 0.23867975093417507 0.4429235282129056 0.55090439382627 0.7153979690426653 0.8927781896421018 1.2292586382798008 1.794884602848827 1.8561086862633647
101 1010 0.06724781270238055 1.8788896749307618 0.1089082737771737 0.1089082737771737 0.16478104481039635 0.2277789644217186 0.4325123196306153 0.5455680785987951 0.7185565439467101 0.8849668733860212 1.2472126521041476 1.7693609366370295 1.8788896749307618
102 1020 0.06647596479523052 1.9336288225561287 0.10769342042901393 0.10769342042901393 0.16036611145677418 0.24029711986034305 0.421402811377525 0.5365266366548002 0.6993763917132375 0.8889241571350448 1.240613583188799 1.7602915073500658 1.9336288225561287
103 1030 0.06763318699899461 1.9220876544290952 0.10938087953025896 0.10938087953025896 0.1595231086904328 0.24373597480662895 0.39915253791816846 0.5331432337910277 0.6957817349943777 0.8671675429220043 1.2317665901562458 1.7590381974378058 1.9220876544290952
104 1040 0.07587168983111743 1.9449008155677159 0.11081016187122159 0.11081016187122159 0.1601486609141324 0.24596474167415822 0.3861667683934583 0.5174551077992465 0.7247442301430205 0.869657362828094 1.2106804116092675 1.6971386904122927 1.9449008155677159
105 1050 0.07161643818915644 2.1070402936748223 0.11131207623580529 0.11131207623580529 0.15821214683463453 0.2425030586865249 0.3939766021477341 0.5144448807747614 0.7095086005097706 0.8793864144402123 1.2060118163069597 1.68395129362473 2.1070402936748223
106 1060 0.07145610679561648 2.069845140821955 0.11089918717410813 0.11089918717410813 0.1570129562080487 0.23423433958541523 0.389716282468763 0.4913216017669189 0.714780293661166 0.8824416189579959 1.2515144780364436 1.6754375401658304 2.069845140821955
107 1070 0.06551967359343436 2.146315244123693 0.10851050634582696 0.10851050634582696 0.1506306414277583 0.22689525959121956 0.3871384560271936 0.4894532899115633 0.7154449120909661 0.8689228043850625 1.2868750695703006 1.665883833717256 2.146315244123693
108 1080 0.06746466517279477 2.110774847992731 0.1075634133068958 0.1075634133068958 0.14688505807725857 0.22586276916287784 0.3761422765546933 0.48639576135490453 0.7046808589847008 0.8728650559555251 1.2875639777658376 1.649741269972861 2.110774847992731
109 1090 0.06355149639066597 2.1109910930160893 0.1076642935771088 0.1076642935771088 0.1442890543969787 0.2343080717996861 0.3821060199340145 0.4744800933676759 0.7012675377699055 0.8531856831224874 1.2970413107920822 1.6494589299424338 2.1109910930160893
110 1100 0.06280317135169033 2.1052295074273775 0.10650316717869387 0.10650316717869387 0.14247748727475798 0.23279602238531646 0.377217054019166 0.467810878583125 0.6800632309643097 0.8543552039556979 1.290752584219328 1.6645671941431335 2.1052295074273775
111 1110 0.061345788935118696 2.125590835750389 0.10308911397070993 0.10308911397070993 0.14218542903085055 0.2277724513048975 0.3710436417841763 0.48195498357282207 0.6728967605709901 0.8335646055695848 1.308650158496935 1.652862353330685 2.125590835750389
112 1120 0.06253243597112405 2.110601912984202 0.09924931770127934 0.09924931770127934 0.14128823573388155 0.2230116622650839 0.3690915026861893 0.4882537491189558 0.6694693009598733 0.8091352787139604 1.3062906511598924 1.6544133821250908 2.110601912984202
113 1130 0.06400062901788545 2.055933898908373 0.0990047288544618 0.0990047288544618 0.14065178035416628 0.22025416821087898 0.36835720538447353 0.4819755355440076 0.673591359743201 0.8073317800913676 1.3284891155151708 1.6799087568205107 2.055933898908373
114 1140 0.06424975688937626 2.0629428266771392 0.0988374298576276 0.0988374298576276 0.13917925009524038 0.21519343995642035 0.3726287883265823 0.46267616221221014 0.6586205778241793 0.8027231064526965 1.3760751745536202 1.677866646149557 2.0629428266771392
115 1150 0.06717345742869756 2.1606390061436738 0.0967944929845345 0.0967944929845345 0.1363091658590848 0.2118096884701059 0.3660037870462545 0.44468346567161565 0.6455958383326258 0.8050039266572427 1.3822146480814108 1.6624488842386251 2.1606390061436738
116 1160 0.06247003926577998 2.2620761121960977 0.09573832968931706 0.09573832968931706 0.13476803840719642 0.21016847179214102 0.3535480667505764 0.445203003357256 0.6481746995830929 0.8024631226893946 1.3654515245164318 1.6191048284677774 2.2620761121960977
117 1170 0.059214856874309024 2.2589632420474013 0.0955392045156745 0.0955392045156745 0.1324567270207951 0.20549801442630972 0.35321898505667376 0.44801868646829873 0.6525728002379634 0.7826983931102572 1.348304824521799 1.612880376155091 2.2589632420474013
118 1180 0.059591465080592196 2.196451156113472 0.09471413362519368 0.09471413362519368 0.13153090880142193 0.20250849912563243 0.35145147812667893 0.44121374195431656 0.6416421009619976 0.7827237353329517 1.3822574433216537 1.5967578907041617 2.196451156113472
119 1190 0.061591026181015675 2.1942591507791245 0.09426481914345718 0.09426481914345718 0.12827916147077892 0.19990219771306847 0.3488053662590273 0.43609790449824914 0.6437905380752545 0.778722382043059 1.3597146463315173 1.6627276494775023 2.1942591507791245
120 1200 0.0626144611373372 2.215576457015828 0.09327381784586221 0.09327381784586221 0.12717667701675142 0.19908215037347002 0.3540082849575122 0.4277379565799158 0.6273312004682835 0.7795443488978611 1.304792622393664 1.6944260643834164 2.215576457015828
121 1210 0.06009275240743131 2.2044083694443906 0.09281723367406383 0.09281723367406383 0.1181316974013941 0.19442008997768379 0.3637598100646267 0.4215031252274121 0.6281857455860258 0.7757201897959509 1.2825074758346764 1.7649343948490628 2.2044083694443906
122 1220 0.06157857157890528 2.0645011901383863 0.09538129391655586 0.09538129391655586 0.11915180831379595 0.1928511099169247 0.3599286885809023 0.4216387698658022 0.6188274143120424 0.7756074331201604 1.2960877004271991 1.7757680498856891 2.0645011901383863
123 1230 0.056497913248019296 2.0388438620301628 0.09741353135925178 0.09741353135925178 0.11314952325177009 0.19546371076874314 0.3591382195327631 0.4221804496191669 0.609561145625768 0.7767283255522406 1.2861148876073811 1.7668991619703858 2.0388438620301628
124 1240 0.05555604950600269 2.0266513952814997 0.09821408030205295 0.09821408030205295 0.10976863417244616 0.18999035331915956 0.3472741777416693 0.4172544692246193 0.605592588103444 0.7803594334475266 1.2865836181649652 1.7477869176059488 2.0266513952814997
125 1250 0.05717972828535272 2.0179590300437886 0.0965201725848107 0.0965201725848107 0.11044315348013577 0.18505753507904235 0.3433982120847315 0.413481809415158 0.6197944289170654 0.7789874461392491 1.2999967217346668 1.7375838216919768 2.0179590300437886
126 1260 0.051877061638274914 2.020532017650465 0.09754403480865426 0.09754403480865426 0.10837382828568656 0.18332145990931903 0.3371624303486252 0.40723019200154636 0.6359653681563361 0.7825468066587297 1.3070016185554654 1.6892956049007586 2.020532017650465
127 1270 0.048226949995259394 2.009933740457224 0.09566183384590468 0.09566183384590468 0.10835635031033447 0.18183187189728595 0.3371564312235662 0.39938383819236956 0.6163759439740762 0.7721870956851454 1.296254117386901 1.6608799836198422 2.009933740457224
128 1280 0.04655814981189118 1.992161915487718 0.0979504310300771 0.0979504310300771 0.10792216837325996 0.1791623423297869 0.33982230033171046 0.38697741587452344 0.6073564584626316 0.7673761225400721 1.2613039157521293 1.6617354814485117 1.992161915487718
129 1290 0.04656937773896855 1.974052264422035 0.10035680795863461 0.10035680795863461 0.10240122223243966 0.17831285960754945 0.33758780802962135 0.38595289577054975 0.6083862875741294 0.746689246098802 1.2677277506169051 1.6406659990327384 1.974052264422035
130 1300 0.0459837695830238 1.990669884591976 0.09794524924361804 0.09794524924361804 0.10177937858292226 0.17694064282419403 0.3378164103902923 0.3845808337477617 0.5704936297939357 0.7533830910201226 1.3014055004885525 1.6518721835923422 1.990669884591976
131 1310 0.04757716697675974 2.006460548000571 0.09696368389469566 0.09696368389469566 0.10056598606518408 0.17507523179092815 0.33474195172966464 0.3892000149726672 0.5600047874957788 0.732650944901899 1.319052158561409 1.6230444025453705 2.006460548000571
132 1320 0.04698216837548402 1.9986069132017141 0.09632888542214817 0.09632888542214817 0.0972478869472659 0.17442526351227472 0.32927571552739343 0.3875472204939174 0.5703373697752164 0.7261663619514338 1.341079320355049 1.6424952944133167 1.9986069132017141
133 1330 0.049596097905045614 1.9800007801377977 0.09483990214633106 0.09483990214633106 0.09898779591656366 0.17205767670837213 0.32406550261849704 0.3841122430723121 0.580830654010636 0.7203973019556299 1.3287745471717287 1.5871327941421274 1.9800007801377977
134 1340 0.05515786966636285 2.0023983069448206 0.09273098878454197 0.09273098878454197 0.09896467140755336 0.16699709153515593 0.31508948233917017 0.37933087105647345 0.5867139642428021 0.6990656501093806 1.3687195901092026 1.6562287706413457 2.0023983069448206
135 1350 0.059299206334639365 1.9818001205925704 0.0886083813607841 0.0886083813607841 0.09849368669390107 0.16429269184765594 0.31395527929264055 0.3809415907735658 0.5810799235422681 0.7025537513581425 1.3629607654698954 1.8259083048271687 1.9818001205925704
136 1360 0.06513902546125509 2.0074628055493697 0.09020776539823594 0.09020776539823594 0.09860572694722394 0.16472635583500347 0.30408148895365655 0.3810785813471576 0.5518225573462209 0.6965276014349262 1.3273081897391903 1.911055278552627 2.0074628055493697
137 1370 0.06515001353088744 2.030395852631125 0.08853273956627998 0.08853273956627998 0.1022738218880757 0.1633778346809141 0.30169867626745 0.38020684261659604 0.5425963714140932 0.6798860799021584 1.3173922106855285 1.9097133135545223 2.030395852631125
138 1380 0.06509687132288447 2.061242052995967 0.08628241372387142 0.08628241372387142 0.10383628043304673 0.16361421536976378 0.30138754811307333 0.3784814014743898 0.5295465249379525 0.6799257247775009 1.3040424097468677 1.8081202111492838 2.061242052995967
139 1390 0.058574622140290106 2.137974517032912 0.0856951445349972 0.0856951445349972 0.10504259712856856 0.1601474364057685 0.29405621992331404 0.36070252536943387 0.5222715873691125 0.6729740359516484 1.2985872953693358 1.8221850138234328 2.137974517032912
140 1400 0.05787586768231607 2.0983742485314956 0.08550762337491445 0.08550762337491445 0.10593364920879826 0.15958829367706 0.2737690789967866 0.3619004414144295 0.5112625734793718 0.6760933884623724 1.290906112945691 1.8332580084123704 2.0983742485314956
141 1410 0.061094491444853176 2.16960984196158 0.08251132658713366 0.08251132658713366 0.10532712159565459 0.1619355970021027 0.2759310364000088 0.3556911666405344 0.5076783302338238 0.6738282358728006 1.279538286448463 1.784234389170063 2.16960984196158
142 1420 0.06491389625088696 2.2331998925878556 0.07999227785791865 0.07999227785791865 0.10520397664506108 0.15990887009739052 0.27630360290008227 0.35527115771186224 0.5084871004681859 0.6882067681608756 1.2786609151301969 1.7249321992229665 2.2331998925878556
143 1430 0.06579913984888526 2.410266522348872 0.0786905934247937 0.0786905934247937 0.10302271291659837 0.15853119997766377 0.27911935117250936 0.35307740467860876 0.4962311578125681 0.6864422540930809 1.2890146132381035 1.7348888699328746 2.410266522348872
144 1440 0.06261570268854004 2.5419791285606808 0.07752235637305098 0.07752235637305098 0.10134536029241026 0.15328958661888445 0.2786726975929001 0.3469992950288523 0.4888643517632986 0.6882125648723555 1.2881718505936586 1.7113797125636403 2.5419791285606808
145 1450 0.056411562751932695 2.5951359299840786 0.07704521678094349 0.07704521678094349 0.10067681684208102 0.15077898334598655 0.27712397757899615 0.3443099912751027 0.4857430300674672 0.6788452577162559 1.243320614936456 1.651809693573745 2.5951359299840786
146 1460 0.0519414543135831 2.5921515881495942 0.07374028651705364 0.07374028651705364 0.101112220724622 0.1477812349737679 0.27724090406280605 0.3434970093382414 0.4632339222608874 0.6890330463615371 1.218342178794904 1.66569170866972 2.5921515881495942
147 1470 0.05025960646333846 2.5571168909094837 0.07365087879809869 0.07365087879809869 0.10206225734041903 0.14750678829108155 0.27626798687990284 0.3437249785352898 0.44799399924758854 0.685593054054752 1.2202248105535431 1.5919221525795493 2.5571168909094837
148 1480 0.047338792977710285 2.5832572651241112 0.0723486755445054 0.0723486755445054 0.10347484973079216 0.14579517273163176 0.26655637163339047 0.33583362357206065 0.4646070298357774 0.6770082448097011 1.1942231820401128 1.5804741251437944 2.5832572651241112
149 1490 0.044557306364560206 2.5896489095767286 0.07145972288557846 0.07145972288557846 0.10278437536355739 0.1464512039290643 0.2640115805804057 0.33289203661395467 0.46496933025563714 0.6879093191063056 1.1437291708903492 1.5424382260823966 2.5896489095767286
150 1500 0.04264067050852337 2.5558382724528905 0.07149550921004592 0.07149550921004592 0.10181025488744329 0.1438457282965647 0.2505585597280203 0.33422531836730085 0.4667284061435481 0.6807184967099249 1.133074947079038 1.5636234355030454 2.5558382724528905
151 1510 0.04059313151764194 2.537239504542946 0.07248325289553642 0.07248325289553642 0.1025940310883921 0.14358863694560633 0.24650483053252795 0.3338380660154704 0.47125163178203716 0.67879213359333 1.0872132066501592 1.5277551795981181 2.537239504542946
152 1520 0.03747780598817743 2.5669606308486634 0.07290394880845236 0.07290394880845236 0.10165004554597792 0.13794946595764063 0.24353666576867392 0.3296811184089 0.4672458902456275 0.671704012759713 1.0931723648491944 1.5279696364448754 2.5669606308486634
153 1530 0.03425000946643798 2.5772907622213737 0.07295101547573553 0.07295101547573553 0.09907747435884465 0.13534924687986477 0.24080368980083347 0.3328618453030712 0.45652239267759387 0.6531942269191946 1.082499677096916 1.5207312193236693 2.5772907622213737
154 1540 0.03282638252251291 2.5702623728411615 0.07090143831411333 0.07090143831411333 0.0980605988170757 0.1325492784183438 0.23101108712740206 0.3343888598632266 0.45769773299129346 0.6482919637741879 1.1094577131007268 1.5267134969629719 2.5702623728411615
155 1550 0.030043614364137865 2.626621050461304 0.06897789991920661 0.06897789991920661 0.09786344666048444 0.12995188764179008 0.22753681830259392 0.32852064706244094 0.45850963383136456 0.6426457750922544 1.1039267341143864 1.5164573371395387 2.626621050461304
156 1560 0.027460286298944682 2.631527034982403 0.06771437848239356 0.06771437848239356 0.09750209287232554 0.12684225550827855 0.22159415747842676 0.3201113249352968 0.45083675691017683 0.6330958291890678 1.129772808486687 1.5171995951076804 2.631527034982403
157 1570 0.0248589236262517 2.5572654037162486 0.06656062312774677 0.06656062312774677 0.09807349888787098 0.1271869340816481 0.22465619995100894 0.32137486976630875 0.4441348513397627 0.6188208911286304 1.1276146125140194 1.47836818881424 2.5572654037162486
158 1580 0.02347132415543503 2.5205083196525186 0.06676211874386989 0.06676211874386989 0.0987228233873589 0.12467037910010127 0.22537629571912404 0.320853510188502 0.4381507068997547 0.6408889645724152 1.0646164980982642 1.4797593192510778 2.5205083196525186
159 1590 0.02329924096990872 2.412558797752719 0.06609181761209058 0.06609181761209058 0.09845308606134578 0.12137564138779368 0.22903944199676954 0.3183467300771899 0.4394741648825007 0.6387861639738192 1.0350303630041633 1.48252601927204 2.412558797752719
160 1600 0.022182206918763755 2.486516942297191 0.06565303277608833 0.06565303277608833 0.09373716202915149 0.11978338801872246 0.22834973261808472 0.31597852256117115 0.44038067454744007 0.6373632082271541 1.0314862313793403 1.4839944137689338 2.486516942297191
161 1610 0.020787072954469295 2.4828662812721096 0.06269943442837833 0.06269943442837833 0.0912966231354137 0.11931399560546595 0.22553505460429368 0.31560404068520037 0.43543225061585167 0.638576025648815 1.0286036574776565 1.49543459508832 2.4828662812721096
162 1620 0.017899385570803124 2.4701011813202616 0.0619020108636557 0.0619020108636557 0.09058411538443059 0.11663046729486519 0.22424875762066138 0.31240508819543034 0.4380866564351094 0.6310405728609818 1.012700658789663 1.469571745301224 2.4701011813202616
163 1630 0.017963248027624657 2.4812067217611924 0.06024678605818456 0.06024678605818456 0.08980756738101713 0.11505614210944945 0.22063143826942874 0.3079188491458305 0.43675049870771554 0.6201673948767421 0.9741784094189608 1.4569634532870233 2.4812067217611924
164 1640 0.018427182857984985 2.4589549023226405 0.05956572537961113 0.05956572537961113 0.08880861389665794 0.11757915721409623 0.21780332900264676 0.30618791728114586 0.4305581673683366 0.6217167586034419 0.9616412830584679 1.4717321537954822 2.4589549023226405
165 1650 0.018311962136478722 2.426604893211957 0.0599518728427464 0.0599518728427464 0.08496075394226002 0.12034361994650616 0.2126540410075761 0.3093456140841067 0.4331496714611597 0.6203158127535789 0.9462755516801774 1.4902438135855651 2.426604893211957
166 1660 0.017661941448135828 2.4075280118684925 0.05942192053972937 0.05942192053972937 0.08420819221192874 0.12220777537514388 0.21002457754948908 0.30263295060500733 0.43527005134671504 0.6180974005264451 0.938864059704014 1.4760331990504036 2.4075280118684925
167 1670 0.017419064246434114 2.387504133118282 0.060167906459547914 0.060167906459547914 0.08042695197810669 0.12344440468195132 0.2093338809975755 0.2977908688058581 0.42805618075801416 0.6221660265439469 0.9109567506132983 1.5054967376579411 2.387504133118282
168 1680 0.01667988288458774 2.362349994060147 0.05904567643495393 0.05904567643495393 0.07926508213889162 0.1226098313578571 0.2050851313113466 0.2988063685201947 0.4267081435030875 0.6166329398110367 0.9132954877213059 1.4935587348073147 2.362349994060147
169 1690 0.015582585969250792 2.3358692580947813 0.05793138680339263 0.05793138680339263 0.07811425408827966 0.12439913175496593 0.20375400370010707 0.28402151858439073 0.4274375111314216 0.6100249764094778 0.9247574308533559 1.5117155394611246 2.3358692580947813
170 1700 0.01423428447373331 2.338880141689669 0.05808449549571561 0.05808449549571561 0.07797648339597467 0.12087219166146188 0.20398836614759489 0.28361715123469966 0.4235532960016634 0.5878518551778151 0.9250275009141575 1.4748505365324367 2.338880141689669
171 1710 0.01260419420711396 2.304523250442932 0.05803540487493536 0.05803540487493536 0.07786494526735181 0.12167104972580423 0.19670491731444423 0.27143029046509487 0.4114773430827164 0.5824033225682338 0.9375755087264801 1.4839052692440473 2.304523250442932
172 1720 0.011020472519131637 2.2329878880586307 0.056804996285956234 0.056804996285956234 0.07844389579534243 0.12149001590651118 0.1945841424936379 0.2702794638840723 0.410723778751463 0.5642584771658633 0.943658408229035 1.446267619373309 2.2329878880586307
173 1730 0.01016033039195374 2.2263469815657233 0.056472237986538006 0.056472237986538006 0.07712714034181802 0.11858399711927965 0.18991981922247425 0.2691077210562025 0.40622621668256237 0.5500586658933224 0.9214593463091819 1.4397752126109105 2.2263469815657233
174 1740 0.009119877415180446 2.1365393463622855 0.05574814147636855 0.05574814147636855 0.07644197954415004 0.11698308510038967 0.19067927259919956 0.268239756723004 0.40082973541602185 0.5497997569029001 0.9068265180542019 1.4192470682415517 2.1365393463622855
175 1750 0.008146372809454629 2.1262246606891204 0.05485636353614969 0.05485636353614969 0.07445215186171669 0.1158122228953914 0.19085161909857243 0.26288118904575863 0.39860217017611704 0.5434553836841939 0.903509534838421 1.4166575756319637 2.1262246606891204
176 1760 0.007595910244288863 2.0640599268186715 0.05575745475765202 0.05575745475765202 0.0741811371275564 0.1122064406099277 0.1895263925408096 0.2631664602038514 0.3974928601618412 0.524497910914374 0.9044415258345269 1.4242687489220778 2.0640599268186715
177 1770 0.00687776780575274 2.025437698315647 0.0546761182133665 0.0546761182133665 0.07578758545142669 0.11370880404406826 0.18294985622162407 0.26112809025327705 0.38733449038362083 0.523892897507646 0.9018498475872034 1.423136508039228 2.025437698315647
178 1780 0.0073657811517340785 1.979261698544668 0.05499648869898141 0.05499648869898141 0.07509173636665538 0.10925785626986816 0.18355706933693974 0.26120283471377487 0.38247089997849415 0.5187009809193824 0.8882486287977098 1.4334257333619558 1.979261698544668
179 1790 0.007362209043426318 1.9700435812989159 0.05382261844653417 0.05382261844653417 0.07587128328998476 0.1134503170025027 0.19068484010643125 0.25002376429041273 0.37923340524778415 0.5122432375300393 0.9003928315495522 1.433671099034115 1.9700435812989159
180 1800 0.007626284064047477 1.9822955430444693 0.053291580684557915 0.053291580684557915 0.07686244860775412 0.11356448077468856 0.1792996605085721 0.24958236595924804 0.3895588667214293 0.4917099533140107 0.9028605763956814 1.4300003666083554 1.9822955430444693
181 1810 0.008069617946913332 1.9534908007626133 0.05373180702312432 0.05373180702312432 0.07693796597575459 0.11360725312316133 0.1814844049702368 0.24940585156308123 0.398457477377515 0.4893468213627551 0.8942485279447745 1.3700740697066685 1.9534908007626133
182 1820 0.00870647162079372 1.9520777530197868 0.05276336542199105 0.05276336542199105 0.07768214718151968 0.11214683701592275 0.18206774712412546 0.25128165975358274 0.39623189572297396 0.47865362271497974 0.8939152028148132 1.4299824424696994 1.9520777530197868
183 1830 0.008699369484178 1.8714604523448195 0.053116775072669764 0.053116775072669764 0.07704102899910967 0.11169224701688801 0.18355208330689296 0.2525119594378832 0.3948949910615407 0.5034565182504205 0.8984588202445287 1.4109151209116815 1.8714604523448195
184 1840 0.0077675128025653795 1.8717661717511493 0.05379622430274095 0.05379622430274095 0.07407912287248768 0.11168583218863691 0.1854011576319674 0.24587494786387093 0.40230674524569415 0.49472935760957293 0.8869617742329691 1.3762529553833631 1.8717661717511493
185 1850 0.006772700520010729 1.8473298387091044 0.053495099282242366 0.053495099282242366 0.07354523856246944 0.11144672525934304 0.1846195883329582 0.24548060890861206 0.39760792079681184 0.4841338509219141 0.8515955543601629 1.3667925543364043 1.8473298387091044
186 1860 0.006302794736331651 1.841549665651379 0.05096470044074648 0.05096470044074648 0.07346946459503141 0.11106877989317439 0.1779126189772128 0.2424394678261755 0.3951126304043889 0.47921122016147016 0.8466525140131063 1.3638903324250038 1.841549665651379
187 1870 0.005807020620857131 1.756157809312181 0.0515846477264885 0.0515846477264885 0.07300209405393882 0.11081797964950438 0.17506554196199428 0.24279324841224864 0.3983606064137365 0.4702538356759096 0.8438696724260675 1.3439905696327845 1.756157809312181
188 1880 0.005312456785912468 1.7508968622776624 0.051342652742873696 0.051342652742873696 0.07257814406760156 0.10856914157020604 0.17322096050132127 0.2363887742668295 0.3969178326882058 0.4683350251755944 0.8338245340812266 1.3380626213959645 1.7508968622776624
189 1890 0.00510695024450964 1.7576067359050247 0.05077762455005083 0.05077762455005083 0.07094536428373918 0.11121756732444374 0.1717817462039713 0.22724722407723652 0.3961491320067647 0.4593530669647356 0.8261285450733372 1.3265961831523712 1.7576067359050247
190 1900 0.005106034257325892 1.7012527672643736 0.05161634769604275 0.05161634769604275 0.06963269245882014 0.11039129027702343 0.17248544848097114 0.23106255749576585 0.3922166517926599 0.4670316871126723 0.8132409580580289 1.2832838490081178 1.7012527672643736
191 1910 0.005033378385492843 1.7771344560110527 0.05140181242362457 0.05140181242362457 0.06904552163537574 0.11177166282221793 0.17407742332097853 0.2303898650180178 0.3871313345073016 0.4642581097140574 0.7852508405576505 1.2443885360351647 1.7771344560110527
192 1920 0.004848705298402023 1.7768931255257885 0.05034403622099828 0.05034403622099828 0.07095937140019959 0.1108408138893085 0.17199765131638375 0.22888895215259736 0.38389901812027866 0.46435416175057065 0.7674258677519266 1.2099720043940951 1.7768931255257885
193 1930 0.0045578616740807685 1.7331643845241635 0.05011487282995393 0.05011487282995393 0.07251289227061664 0.1103722708912732 0.17122184652079528 0.22959456448408672 0.3782035967471178 0.46955272867722375 0.7553841040477123 1.1685935689961766 1.7331643845241635
194 1940 0.004438256271528665 1.725813729602021 0.04997832576510183 0.04997832576510183 0.07332010629342943 0.10819638206524415 0.16695072333114375 0.23019532685516564 0.37188678502743283 0.47109404129329846 0.7405732635613963 1.171041218802416 1.725813729602021
195 1950 0.004334277759130999 1.7259745957366706 0.05213578205510458 0.05213578205510458 0.07366148753222665 0.10492764018505168 0.15852125988959329 0.22966995606176574 0.37211868385503855 0.4639586449457522 0.7424372463456885 1.171255424974536 1.7259745957366706
196 1960 0.0041539975096199595 1.7352040952498418 0.05168870026201943 0.05168870026201943 0.06994072022997425 0.10647270462787224 0.15123452638603238 0.2295843992622635 0.3676059549345191 0.46322081168798607 0.7457619332438276 1.1797895139249035 1.7352040952498418
197 1970 0.004087694317545213 1.6947465488811873 0.0515102184680287 0.0515102184680287 0.06981944505336961 0.10765417015806952 0.14929125530028692 0.2269629433837859 0.3613666693275768 0.464547018064097 0.7320215647987844 1.1758486348991741 1.6947465488811873
198 1980 0.003836847804931389 1.6785806778947907 0.05047043820083466 0.05047043820083466 0.06885162742342553 0.1065086891114609 0.14852458355790776 0.23428878303595754 0.3411583241152784 0.46660421167586574 0.7256963130704718 1.177318692446964 1.6785806778947907
199 1990 0.0034791630218484553 1.642644058002947 0.04930937556383345 0.04930937556383345 0.06880675554501309 0.10624847464712361 0.1450230364842552 0.2334401461634585 0.3278171849583519 0.46543771491499997 0.7287899395575879 1.1740449489534648 1.642644058002947
200 2000 0.0031311149719052468 1.614773928465521 0.04835904928274411 0.04835904928274411 0.06765751804358154 0.1046418774565453 0.14383234717124546 0.2280861540105682 0.33056706860103485 0.465421279294654 0.7303559238850225 1.1270165195563642 1.614773928465521
201 2010 0.0027581156697257803 1.5773800525333637 0.04715423166914249 0.04715423166914249 0.06653517244924338 0.10415069324933211 0.14414736783015808 0.22620788353329124 0.32143830546864377 0.46701908144620263 0.7277286463386347 1.119825930164958 1.5773800525333637
202 2020 0.002431038882547314 1.5597353991590601 0.047017324842646084 0.047017324842646084 0.06533200740827992 0.1037889476530501 0.14128990366487074 0.22457602904997717 0.3068341226371742 0.46226929589817756 0.7308363942844783 1.1177744790225943 1.5597353991590601
203 2030 0.0021549987651190267 1.5494296922443516 0.046409504004517294 0.046409504004517294 0.06654374895255714 0.09993563797916476 0.13996556199663085 0.2182038704839599 0.3041082311343496 0.4476965447733306 0.7270749341507575 1.110440883934943 1.5494296922443516
204 2040 0.0018591311363978181 1.560421115128442 0.04500252297835582 0.04500252297835582 0.06557137761334798 0.09710900569301648 0.1385658539116765 0.2175254584282115 0.30822181943794846 0.4449872783365594 0.7064624120797957 1.074952369507519 1.560421115128442
205 2050 0.001656944458925804 1.5529126286481745 0.044866488996445235 0.044866488996445235 0.06521009539509798 0.09220355151677467 0.13951198129837702 0.21564293794546466 0.3107185921446054 0.4470445128470838 0.6917492180808144 1.0547282353170273 1.5529126286481745
206 2060 0.0015030199336453802 1.565708439448325 0.044194212070995 0.044194212070995 0.06380087277521564 0.09052381256221713 0.14231097349815092 0.21800207487474843 0.30961284020953006 0.4335894705575616 0.6696098310277012 1.0380586760596109 1.565708439448325
207 2070 0.0013501772102200405 1.588683922878755 0.04467826871914023 0.04467826871914023 0.062050111849821475 0.08940435272258462 0.1409694444099232 0.21692430397720405 0.3151247178061965 0.4212606559799527 0.6572760174955123 1.0373674407063296 1.588683922878755
208 2080 0.0012257665617884943 1.5840486660452762 0.044897058316366166 0.044897058316366166 0.06162343032486044 0.08658169720808909 0.13968456705933546 0.2156860327239486 0.31408900429228165 0.41361127564080014 0.629295414558089 1.0344769735702153 1.5840486660452762
209 2090 0.001163534593649641 1.5772476861466216 0.043999774920692444 0.043999774920692444 0.05980500101357566 0.0850266472849193 0.14175034901046923 0.21946412988015734 0.3135343775515262 0.399385815194635 0.6369619815798439 1.0305807919605985 1.5772476861466216
210 2100 0.0010215119478980865 1.5667217793911348 0.044324929327337906 0.044324929327337906 0.05964359736571137 0.08433682107406518 0.14234279771639824 0.2226025165992593 0.31519291379803516 0.3726751949931058 0.6311051392427505 1.0373866788660275 1.5667217793911348
211 2110 0.0009339036353562251 1.580065749553084 0.04372759030337713 0.04372759030337713 0.059529311534013356 0.08449120142085602 0.14132820978716734 0.216915323694563 0.3167590649566234 0.36355328964636324 0.6150954823987461 1.0182078838200483 1.580065749553084
212 2120 0.0008982561091378567 1.536375587841032 0.04335177362208861 0.04335177362208861 0.05786012841602939 0.08336189361666954 0.13910839837992892 0.21796375827448855 0.31091491234331 0.3580331743125325 0.6176424919658076 1.021615123282478 1.536375587841032
213 2130 0.0008225733905015886 1.501270111464298 0.04318759036777695 0.04318759036777695 0.058062914776501134 0.08299423993677423 0.1372117370792786 0.22315495331527296 0.3051717424717959 0.35547436476652033 0.6208488872633106 1.0200943818692476 1.501270111464298
214 2140 0.0008063734587699883 1.4833750032350306 0.04247989366990611 0.04247989366990611 0.057431341447324966 0.08164060323430587 0.1366451407419324 0.2234287986941926 0.30463664828407083 0.3452500338882058 0.6154945308112598 1.003332318688371 1.4833750032350306
215 2150 0.0007881870867542638 1.4642267201713548 0.04193949110939624 0.04193949110939624 0.057326897806777743 0.07990226005827235 0.13046732790347684 0.2203381666075271 0.30238869856609457 0.3485823725548563 0.6385683829800435 1.0003231447286904 1.4642267201713548
216 2160 0.0007581305483941508 1.4610201325407302 0.04083336811758926 0.04083336811758926 0.058648358928548125 0.07891582728797326 0.13179592118850347 0.2190986826268977 0.3019973279862949 0.34003395020783966 0.6250763175490471 0.980452929721883 1.4610201325407302
217 2170 0.0007501849448550734 1.4223656190792222 0.040589138497137446 0.040589138497137446 0.05841361544144702 0.08197465352220228 0.13145003659097795 0.21682710262952679 0.3022223813251552 0.3348570963843279 0.6336382380378147 0.9398332129610535 1.4223656190792222
218 2180 0.0007013813917486053 1.3704113953515684 0.04006861810022748 0.04006861810022748 0.0584362577472956 0.08258465222182632 0.1310647015778832 0.21189105606994316 0.3047012727959473 0.33153399387348953 0.6243968640659447 0.9697709887791173 1.3704113953515684
219 2190 0.0006443021557441926 1.353838365120424 0.0393212481996501 0.0393212481996501 0.05827868470398902 0.08194269948714702 0.13113572960066966 0.21068060865037705 0.31000043098132224 0.3244920030469893 0.6060386968935944 0.9624420104451776 1.353838365120424
220 2200 0.0006429254120787468 1.3371311927406335 0.038032028359717335 0.038032028359717335 0.058323239215463375 0.08164548528206977 0.13198319820817264 0.20805160001121178 0.3058775135728466 0.32606612799963924 0.6230485761705684 0.9378224033132412 1.3371311927406335
221 2210 0.0005803525901055102 1.3052956091330437 0.03752611721477192 0.03752611721477192 0.05745827431273348 0.08108227039767801 0.129940826542547 0.2088949282895532 0.3059253503014937 0.3289689799506733 0.62871370449597 0.9353434564865113 1.3052956091330437
222 2220 0.0005532479995535402 1.3036744732522112 0.03678818234027155 0.03678818234027155 0.05570902894306704 0.08088315955781196 0.12851983767586386 0.21061398023302574 0.3023226674521507 0.3193277685327742 0.6406963035398304 0.9364489939499183 1.3036744732522112
223 2230 0.0005287178270677789 1.333536353482905 0.03621757938367414 0.03621757938367414 0.05555734968924946 0.0808344856979063 0.12865841888637594 0.20745713477953173 0.29363912939060716 0.31429058795436604 0.6287273631547214 0.9213020858446326 1.333536353482905
224 2240 0.00045873124875170775 1.3143356612511288 0.036417247542389286 0.036417247542389286 0.0555486657758074 0.07977063263738458 0.12754252260056936 0.20657391323868765 0.2905909510238829 0.31111481583237044 0.6116272139592425 0.9255881330507231 1.3143356612511288
225 2250 0.0004227993818001273 1.2496895486964519 0.03647545426504655 0.03647545426504655 0.05459857843394463 0.07875038492058713 0.12733153063673514 0.20559882576067776 0.2881835213512363 0.30633621639339226 0.6126307341041048 0.9053541501315178 1.2496895486964519
226 2260 0.0003862455930236153 1.2317477209230803 0.03617631586735662 0.03617631586735662 0.05432831507171337 0.07755643527012457 0.12774716539999165 0.20645564293525806 0.27729435365515454 0.3062946951567051 0.6025525600181381 0.907556858108146 1.2317477209230803
227 2270 0.00036433496207309026 1.2251115068267282 0.036965925744155775 0.036965925744155775 0.05478546395488391 0.07755339887588242 0.12262502373112816 0.20780951723011223 0.27775185304528655 0.3074812696112679 0.5950437544456713 0.8871654126590679 1.2251115068267282
228 2280 0.0003487844141470452 1.2048597999453419 0.03748419393714749 0.03748419393714749 0.05716520298598922 0.0774079290491624 0.12158322808717184 0.20611919734863568 0.2722241738500032 0.29975132663595383 0.5860494635176053 0.8661900734704305 1.2048597999453419
229 2290 0.00036301146695132407 1.1571982266915277 0.036994467281789935 0.036994467281789935 0.05674762941412562 0.07957130399471155 0.12019893406954477 0.20612377243280747 0.26773983404203316 0.30190443051810406 0.5811249505653271 0.8531499900503517 1.1571982266915277
230 2300 0.00037613746166913225 1.1536770209067264 0.03764244933421341 0.03764244933421341 0.05548436875894585 0.08012521165909892 0.11578551881332444 0.20588943732682122 0.2699670897411896 0.32586587660198985 0.580735624854009 0.8611108521324352 1.1536770209067264
231 2310 0.00039348840041614436 1.1368095579368986 0.0373450191987014 0.0373450191987014 0.055746931528402544 0.07823263148761195 0.11708533474992906 0.20590853611962767 0.2687526910909722 0.3315163250336869 0.5772036005075729 0.8673190894992455 1.1368095579368986
232 2320 0.00037869611949294693 1.1863005934899595 0.0381771860153361 0.0381771860153361 0.05551344144446215 0.076705002051812 0.11647628770622893 0.2032046600905586 0.257394124279891 0.33990954532612705 0.5692549525027933 0.8524719984300845 1.1863005934899595
233 2330 0.0003465054508590836 1.2025437371431684 0.03749334516363356 0.03749334516363356 0.05572124923812347 0.07601574066004815 0.11431788054250276 0.19934914654715646 0.2544128820808654 0.3358800257421675 0.5620260633965323 0.8505294832474072 1.2025437371431684
234 2340 0.0003458574620889173 1.1869199465162963 0.037225682615608005 0.037225682615608005 0.05568082513421661 0.07532095298470518 0.11160426255642993 0.19793724350594452 0.25475626308715527 0.3373688165309562 0.5343081088980338 0.8576980135370726 1.1869199465162963
235 2350 0.00032191710544707215 1.16019269169523 0.03674552909878651 0.03674552909878651 0.05565151887273204 0.07660861028666824 0.11133282704090625 0.19921885594137917 0.2532162365581568 0.336177067533069 0.5412545936068213 0.8529898307258466 1.16019269169523
236 2360 0.0002931860067027726 1.1602805443963848 0.036791713987300405 0.036791713987300405 0.055687014889098004 0.0764887000574088 0.10882393181415531 0.19508697206591508 0.24860492035312248 0.3356678089609758 0.5296811674014389 0.8412569107212542 1.1602805443963848
237 2370 0.0002640281848962652 1.149396151555786 0.03516826059331277 0.03516826059331277 0.054164013584385794 0.07672792536237635 0.10823499412188067 0.19195168439679142 0.25115872964018743 0.3255501754371482 0.5337727527856532 0.8410605835056587 1.149396151555786
238 2380 0.00022955465599633023 1.1125051874350205 0.03530882749651623 0.03530882749651623 0.053761027288611714 0.07484637881850761 0.10812613376185277 0.19076978554793195 0.2496284228866762 0.32244898111481624 0.5209894676805656 0.8482977209752052 1.1125051874350205
239 2390 0.0002207842658847079 1.121944597659751 0.034324170644878055 0.034324170644878055 0.05226535358928672 0.07297972823813753 0.11070194649269069 0.18969742781356908 0.2477009489285488 0.3170453993087192 0.5190380424153881 0.83810252751119 1.121944597659751
240 2400 0.00020488449004420258 1.0913403843069576 0.033542051636868485 0.033542051636868485 0.05230403770602816 0.07386092028389914 0.1090167182994524 0.18907601061324453 0.25131631376137464 0.31007333042085605 0.5196185941390586 0.8238523506100282 1.0913403843069576
241 2410 0.0001940645392872925 1.102249020375018 0.0333115053688744 0.0333115053688744 0.051489540730805514 0.07421538952260807 0.10820765813833085 0.18517876606740047 0.2517342280984776 0.29819073789497696 0.5147789741148844 0.7964305147396524 1.102249020375018
242 2420 0.00019548246953777414 1.1083218546844413 0.03239580695055311 0.03239580695055311 0.050743041727048584 0.07392304351002497 0.10521191479351201 0.1862463137608879 0.25149934001626983 0.294947856410655 0.5108912946876905 0.7879873379920795 1.1083218546844413
243 2430 0.0001965292467683016 1.0713622828845684 0.032572144552880634 0.032572144552880634 0.05054794673186176 0.07438847932816574 0.10683499834739495 0.18297650004709873 0.25454443087068224 0.291720740492992 0.5099660458539603 0.798695095377132 1.0713622828845684
244 2440 0.00017515035099406164 1.07400114995311 0.033713580181271144 0.033713580181271144 0.04870820890403395 0.07479783555107863 0.10656477222884807 0.1830667416725414 0.2526387772971844 0.2952599585367374 0.48348298091560954 0.7921308151806618 1.07400114995311
245 2450 0.0001526530719499132 1.0657605210334458 0.03288472720086165 0.03288472720086165 0.04769545860993295 0.07544870896528641 0.1032480136504246 0.1782140601965817 0.25046866522438926 0.2982635429772469 0.48155818514009985 0.7801814272540852 1.0657605210334458
246 2460 0.0001439987313768848 1.06320119935417 0.03181781788988733 0.03181781788988733 0.04678022701239571 0.07434767484439499 0.10202401259737064 0.17781199467162018 0.2455882921613534 0.29607099721822017 0.48122281347675716 0.7616373369449905 1.06320119935417
247 2470 0.00013335631709150147 1.0704939283669113 0.03230646633826435 0.03230646633826435 0.044372571386229506 0.07531203974282182 0.10112149758773935 0.17204378580592283 0.2498044663149274 0.2942787963722266 0.47603097910433795 0.7582588462576245 1.0704939283669113
248 2480 0.00013165472535673335 1.085974958265439 0.03232513636273695 0.03232513636273695 0.04411838721959557 0.0755875539673593 0.09911071233119838 0.17394883502677205 0.23900449198759524 0.29169131826077055 0.47231971838541187 0.7412969055849888 1.085974958265439
249 2490 0.00012064595459861857 1.087817472660316 0.032280718820802363 0.032280718820802363 0.044117042778310155 0.07618120569003342 0.09513993091154774 0.1776852857360228 0.24021133880253256 0.28581239852809126 0.4856597641092736 0.7376527896407798 1.087817472660316
250 2500 0.00011095763016788726 1.081684668384571 0.0319735785232863 0.0319735785232863 0.04478943533040495 0.07441106104127532 0.091419705573089 0.17562337336676467 0.23931900707861078 0.28579962652975943 0.47851857116741875 0.729678970167214 1.081684668384571
251 2510 0.00010317751280272344 1.0521113746118125 0.031890150173906055 0.031890150173906055 0.04360645273348 0.07331733351779623 0.08909027928572838 0.17382850792284585 0.23840141151414018 0.2789614131306633 0.4827513891556203 0.7285553491207666 1.0521113746118125
252 2520 9.279759097061191e-05 1.029050684279049 0.03173871147688775 0.03173871147688775 0.04429719993235717 0.07266759042303482 0.0874039225994312 0.17018526863817882 0.2375865905980373 0.27795457118456957 0.4907216537866645 0.7003073073841585 1.029050684279049
253 2530 8.508158786164963e-05 1.0331238665230755 0.03147218165747811 0.03147218165747811 0.042659017246782144 0.07093586041202352 0.0871826079645736 0.17218391490233528 0.23605695000711208 0.26980058054246836 0.4904950899301633 0.6946912846410469 1.0331238665230755
254 2540 8.207841187107256e-05 1.0336948882151773 0.03121198392007209 0.03121198392007209 0.041941788991257785 0.0703885257939352 0.08704664957372424 0.16662508008788415 0.23667038110659275 0.2631575648987974 0.49140887234805963 0.6855093962817694 1.0336948882151773
255 2550 7.628800926727203e-05 1.0406065577838963 0.03088899198070424 0.03088899198070424 0.04181186746663968 0.06936068972220118 0.0880592260420287 0.1620302019983337 0.23796287800651497 0.25615305032335445 0.49467331086634997 0.6823256403530014 1.0406065577838963
256 2560 7.186841602096542e-05 1.0181657832865314 0.030908264125666943 0.030908264125666943 0.04146229114910603 0.06722093679187917 0.08560198821308516 0.16080902320461044 0.23393430331159157 0.25989530011681194 0.490395822751385 0.6847315868021551 1.0181657832865314
257 2570 6.64291236792467e-05 0.9997488327471143 0.0308650027782837 0.0308650027782837 0.0409564967344672 0.0657621016105356 0.08761273209407404 0.15620257470247648 0.22780671714431322 0.2621036385812226 0.48307749155992985 0.6813632683682403 0.9997488327471143
258 2580 5.7778053138678145e-05 0.9884275088882871 0.0309674088851303 0.0309674088851303 0.03910343038907177 0.06601019479499928 0.08677575708245591 0.15485992016922684 0.22832795235337006 0.2597395178448738 0.4768420310044823 0.6797092564665366 0.9884275088882871
259 2590 5.346963415825027e-05 0.9769880837430874 0.030819758459993497 0.030819758459993497 0.03839558977027876 0.0660073926571619 0.08614021867089508 0.1533397643754873 0.2207358504533579 0.25185816061083316 0.4797782764596972 0.6793326854014394 0.9769880837430874
260 2600 4.803427599752074e-05 0.9610952352101002 0.030289628233016872 0.030289628233016872 0.037874974047863406 0.06612356732361659 0.08731942198782053 0.15287919844041647 0.219077859768144 0.247383271690595 0.4703606428236669 0.6620663390130506 0.9610952352101002
261 2610 4.2043170950392484e-05 0.9530580687538147 0.03056003264163054 0.03056003264163054 0.03713025416468279 0.06594111652970981 0.08542958020582847 0.1456765036702709 0.2199948100223192 0.24650505337338152 0.4659759343008305 0.6625636381995048 0.9530580687538147
262 2620 4.034795898506809e-05 0.9326575660252182 0.029905284507278515 0.029905284507278515 0.03686277601955215 0.06548189132465508 0.08097486919171888 0.1462082890898328 0.2202013642891307 0.2474891635255289 0.45814315608142453 0.6581040313100277 0.9326575660252182
263 2630 3.975262354661029e-05 0.9024359890523892 0.029313185776873755 0.029313185776873755 0.03577025439867498 0.06411973781819637 0.08154672853315244 0.14830044662648018 0.2207477000835837 0.24563045883442824 0.4559853117718218 0.6606004085175089 0.9024359890523892
264 2640 4.147831268155842e-05 0.8854023916605781 0.0297300396680047 0.0297300396680047 0.035764542922315574 0.06539025932302213 0.07988208112587566 0.14623070958785694 0.21903245402727992 0.24529427320996844 0.4543075005104465 0.6559884280803331 0.8854023916605781
265 2650 4.173610620458333e-05 0.8723600235734872 0.02891261561060748 0.02891261561060748 0.03580973006355269 0.06658376254331887 0.08305855737878651 0.1479012170786415 0.21205038105298887 0.24447720390293654 0.4510829586801195 0.6572909705245847 0.8723600235734872
266 2660 4.106443552466975e-05 0.8690289624904934 0.029242968401368703 0.029242968401368703 0.035647589934175904 0.06449176179289652 0.08348631547279134 0.14329035168374837 0.211446616718384 0.23506333053018288 0.460181400469877 0.6553821973827033 0.8690289624904934
267 2670 4.001442238181032e-05 0.8581129082673912 0.028754070182752625 0.028754070182752625 0.034700474812140635 0.06314140310961679 0.08440109933017993 0.14363501107360224 0.2117704236801642 0.23337874915888085 0.45615802284228446 0.6511991895963696 0.8581129082673912
268 2680 3.7436182625373285e-05 0.8649623398904803 0.02829221402123276 0.02829221402123276 0.033443201414172403 0.06221591194969113 0.08606274244944265 0.14383996937112234 0.20986595383598203 0.2343843302794678 0.4443166346758142 0.6496708663980805 0.8649623398904803
269 2690 3.600905239927954e-05 0.8650934881513883 0.02798849846278608 0.02798849846278608 0.03361373199898879 0.062345284216307896 0.08340490622331513 0.1372134629400537 0.21176896608940848 0.2341886047148282 0.4485802219719426 0.6276259695180205 0.8650934881513883
270 2700 3.383030179830579e-05 0.8628022843253934 0.027937989606743506 0.027937989606743506 0.03272231315280356 0.0626609560322527 0.08224058538938342 0.13208846880002378 0.21198501244293438 0.24165062204663018 0.44152466071480306 0.634085703510451 0.8628022843253934
271 2710 3.2273076354610935e-05 0.8346206525843126 0.02750660697420442 0.02750660697420442 0.03253670209880308 0.06319534138139558 0.08121033865597733 0.1350891506311415 0.20954608367206695 0.24026854687579194 0.4272305446928198 0.6338500091743519 0.8346206525843126
272 2720 2.861215288440572e-05 0.8138953338645234 0.02781513380615242 0.02781513380615242 0.032684965531697974 0.06486680768143743 0.07871347735284814 0.13571765977257222 0.2055118554717375 0.2369066080677583 0.42617826310131063 0.6254619577922098 0.8138953338645234
273 2730 2.6993186906565502e-05 0.8057855588743786 0.02740007007331188 0.02740007007331188 0.03272253385034734 0.06462694235885048 0.07897187034103345 0.13831773391858324 0.20467887708920726 0.23382265802631233 0.4016876973336781 0.6196916611070987 0.8057855588743786
274 2740 2.580525741023452e-05 0.8042445997359623 0.027274779678317974 0.027274779678317974 0.03268228111986687 0.06465398078937544 0.08026755833444629 0.13747142293182027 0.20224095362637115 0.23039839165080067 0.39649970643719507 0.5940482129062643 0.8042445997359623
