% # columns="iteration, evaluation, sigma, axis ratio, bestever, best, median, worst objective function value, further objective values of best", seed=461741, Sat Jul  6 20:01:08 2019, <python>{}</python>
1 11 0.43864938315560564 1.0000458343836967 173.0793632591664 1.7307936325916640e+02 385.4943760804678 943.0458108267057   
2 22 0.40870492755979726 1.0960869868849492 173.0793632591664 1.9764266529955052e+02 267.63051984525964 585.7763970852352   
3 33 0.35435241953281493 1.1416571004206315 99.81942144715012 9.9819421447150120e+01 461.27158203756267 712.4481790735631   
4 44 0.3199513997847717 1.2066538509369384 90.06427373756736 9.0064273737567362e+01 175.0645210750297 291.72984941746677   
5 55 0.2884900067208585 1.2233025634656105 90.06427373756736 9.2195188528763566e+01 187.78397181936646 312.7520654260666   
6 66 0.2778968604155596 1.2572027422452305 51.14304218556345 5.1143042185563452e+01 109.51094511375531 180.86656818801308   
7 77 0.26077915310973754 1.3412077621165832 34.381537628941224 3.4381537628941224e+01 117.27991180411564 160.04529644214082   
8 88 0.23394756368543335 1.3532673549069938 34.381537628941224 3.6621650686374224e+01 79.57988793216994 107.73684674706513   
9 99 0.21289758910479986 1.343274916269395 34.381537628941224 5.0453973951723270e+01 76.29855876919814 132.49828768360584   
10 110 0.19624331100252887 1.3782761959992438 20.59708064731675 2.0597080647316751e+01 70.84864015744976 230.74574977283197   
11 121 0.1736751597767787 1.334769817376207 20.59708064731675 3.4022264031210895e+01 50.68760691590952 116.50837256336533   
12 132 0.16015751180312776 1.3569163501008745 19.86137191673263 1.9861371916732629e+01 59.69916744894192 92.2222137631652   
13 143 0.147869192151932 1.3468627994618085 19.86137191673263 2.1978477473686333e+01 31.479943023931998 68.83123290982074   
14 154 0.12776045493116334 1.3690942038302036 17.5845327696808 1.7584532769680798e+01 32.27047784432246 69.95060949260309   
15 165 0.11337434924340467 1.4024801351282639 15.152079206929503 1.5152079206929503e+01 30.5592951157298 41.649830382361934   
16 176 0.10613199719835414 1.5026906375902043 15.152079206929503 1.9548713830580287e+01 23.804467242723167 47.82551001205375   
17 187 0.09824711870334928 1.5176016209605336 12.361046582344224 1.2361046582344224e+01 24.547263487196442 28.915487579014556   
18 198 0.08939367923339409 1.5091724313987869 12.361046582344224 1.3120613494604761e+01 18.635916198743857 30.402190186073952   
19 209 0.08557282304978175 1.5202251339643638 12.361046582344224 1.5709132287931308e+01 18.86920862700844 24.067456313559752   
20 220 0.08281895899694341 1.528801983994346 12.361046582344224 1.5773971873969503e+01 18.14300410265303 23.508609123945163   
21 231 0.07625325170963702 1.5627597380882927 12.361046582344224 1.5142721402239317e+01 19.7674756329733 29.95515888436691   
22 242 0.06812154178743551 1.5976150506010574 12.361046582344224 1.5875530233399910e+01 16.909596416911057 22.362995092300743   
23 253 0.059211607146897466 1.59284308958327 12.361046582344224 1.3261917015085094e+01 17.003573330674424 19.583498110567106   
24 264 0.054532078446665445 1.58293344471086 12.361046582344224 1.2390469927854625e+01 13.658838743925504 16.48886565744397   
25 275 0.052511769315530234 1.5848637778220709 12.361046582344224 1.2770595029602379e+01 13.851570323787417 16.371531567545134   
26 286 0.04972036010521765 1.5811313999770307 12.361046582344224 1.2785000432770270e+01 14.183944460342746 16.195552434894847   
27 297 0.04672516726736554 1.6062410812139316 12.361046582344224 1.2430623312779554e+01 13.00536037850262 15.127502488216251   
28 308 0.04662123809671933 1.6480992443496596 11.72617207646073 1.1726172076460729e+01 12.911182707665166 14.785078818353357   
29 319 0.04432805832521577 1.6219196150171478 11.43573443029434 1.1435734430294341e+01 12.721030951629206 14.251983552620112   
30 330 0.04227081397846468 1.673207109022075 11.43573443029434 1.1857510550461029e+01 13.003010283059501 14.194965457458443   
31 341 0.039978719571049995 1.6895875231299242 11.43573443029434 1.1746419745845156e+01 12.750198637181068 14.73942170664214   
32 352 0.036268877274065026 1.6821433176136307 11.43573443029434 1.1613047006600691e+01 12.761644213724356 14.155927405492083   
33 363 0.034341905706955944 1.698886521195493 11.43573443029434 1.1640087809718503e+01 12.589194870250147 13.043729636535433   
34 374 0.03285572280420933 1.6969018261429158 11.43573443029434 1.1484956063863628e+01 12.10192116515282 12.735746007816008   
35 385 0.03244561975023512 1.8003099727761362 11.43573443029434 1.1625309406192113e+01 11.889820607891982 13.228989371520449   
36 396 0.03010412285131163 1.8942290990524346 11.432127330974698 1.1432127330974698e+01 11.92439922022265 12.504050553808577   
37 407 0.028156401162245614 1.899409249517423 11.334185397454373 1.1334185397454373e+01 11.797328766419238 13.267719106005714   
38 418 0.027676992329656477 1.8835002607826072 11.091430238888254 1.1091430238888254e+01 11.65342592786529 12.368116026037002   
39 429 0.027186083959211314 1.8716863211060275 11.091430238888254 1.1099638704946576e+01 11.315412908934142 11.819546679703492   
40 440 0.02739516482052106 1.9043805078023084 11.091430238888254 1.1194024012152230e+01 11.563518454901853 11.95582811269233   
41 451 0.02703590633826932 1.8918974569132838 11.074988560873656 1.1074988560873656e+01 11.502208628132415 12.044953329917753   
42 462 0.027186901804111166 1.8868324751239807 10.782709726402107 1.0782709726402107e+01 11.304457307061309 11.871094313793096   
43 473 0.02619640424538014 1.8967108931784664 10.782709726402107 1.0826310468591434e+01 11.112820491848101 11.76341678752538   
44 484 0.024210352089070273 1.9235823730507924 10.782709726402107 1.0929135244510881e+01 11.148215811691141 11.48590358025292   
45 495 0.02276569487216308 1.9442903408190955 10.782709726402107 1.0854269909353363e+01 11.062830972033465 11.357532684185085   
46 506 0.021817285286850844 1.9356380925043006 10.782709726402107 1.0933690805869171e+01 11.258418343856423 11.45023617256347   
47 517 0.020280496062014902 1.9685758916163985 10.782709726402107 1.0818578085274089e+01 11.090364960177721 11.398043719222459   
48 528 0.018049330695861177 1.926646147872352 10.704967227341013 1.0704967227341013e+01 10.966432441626392 11.393270059463015   
49 539 0.0176829739368282 1.9399738803151536 10.673669700329175 1.0673669700329175e+01 10.83499582248818 11.226895323054283   
50 550 0.01773448247547095 1.9727100765976633 10.673669700329175 1.0759591962586359e+01 10.844409811512191 11.307561900938051   
51 561 0.01791698703999472 2.0268087124524192 10.615149448627008 1.0615149448627008e+01 10.825726576914079 11.040601182835013   
52 572 0.018214779783250094 2.119745938946989 10.615149448627008 1.0689965745898984e+01 10.761835990399874 10.984770131106163   
53 583 0.01842761795562686 2.20751458070546 10.615149448627008 1.0665431065233948e+01 10.772968849113147 10.968796824175843   
54 594 0.018600789415229853 2.3157690751728253 10.614000796637484 1.0614000796637484e+01 10.812682419812667 11.047666581079577   
55 605 0.020593709764797394 2.477784756002693 10.516431505990248 1.0516431505990248e+01 10.658396050348111 10.849652650219081   
56 616 0.02262309227291015 2.6373868981175805 10.47483650510516 1.0474836505105159e+01 10.652488098278967 10.825530040074732   
57 627 0.022874376552480327 2.830527049444047 10.47483650510516 1.0525315569823897e+01 10.640946828864688 11.138751442048447   
58 638 0.022093012269927395 2.956397901349694 10.47483650510516 1.0513798681089400e+01 10.783348277635264 10.92982062958912   
59 649 0.02204009112181573 3.077305038810491 10.447883667919543 1.0447883667919543e+01 10.774661968398787 10.940763700001831   
60 660 0.020507465206462353 3.0969901362457084 10.447883667919543 1.0534009638145651e+01 10.623502843913117 10.987431126423546   
61 671 0.019648766615621677 3.2787377098341275 10.447883667919543 1.0481788930678098e+01 10.55391045169971 10.9800789822778   
62 682 0.01869772277793316 3.2967184903949254 10.447883667919543 1.0488668654856260e+01 10.586210753535788 10.835605412465668   
63 693 0.017927194009116063 3.3513703003193647 10.447883667919543 1.0495606807308185e+01 10.62684732753735 11.084720437039262   
64 704 0.01643296998144529 3.293138348866849 10.425612480727068 1.0425612480727068e+01 10.581771477520663 10.806881663018281   
65 715 0.015405818413953326 3.286852600529595 10.417815249076384 1.0417815249076384e+01 10.523574433300896 10.624959147224482   
66 726 0.015076288322902653 3.298011515083269 10.38780208122422 1.0387802081224221e+01 10.476475507837867 10.554966749701778   
67 737 0.01610176112916176 3.2753744420827764 10.352733452915952 1.0352733452915952e+01 10.454941083900838 10.589974205387692   
68 748 0.016575636558856258 3.392904785439625 10.319747232089956 1.0319747232089956e+01 10.438659395022196 10.625886462224445   
69 759 0.016510662281204534 3.442619048204988 10.319747232089956 1.0358181551436477e+01 10.437816805869161 10.509619767988424   
70 770 0.01615033128790031 3.493972963834738 10.269654472571691 1.0269654472571691e+01 10.379375808008449 10.58080794466259   
71 781 0.016838518803356402 3.512137147527281 10.211230781234635 1.0211230781234635e+01 10.388640977144211 10.477277987047115   
72 792 0.01761397183912942 3.5619126661728084 10.211230781234635 1.0233504900570910e+01 10.276255789346939 10.505396206392751   
73 803 0.018482804390780674 3.6692065992406273 10.123508034646271 1.0123508034646271e+01 10.299988225381341 10.472444764208685   
74 814 0.0194781897892537 3.643248054504396 10.123508034646271 1.0133093487469775e+01 10.299406069945567 10.42246929663293   
75 825 0.018813771251073218 3.760824419670108 10.123508034646271 1.0164375439125243e+01 10.293583331411895 10.464036539648045   
76 836 0.018712302295974027 3.7643192250071555 10.048874389323501 1.0048874389323501e+01 10.252853359484265 10.387037474210667   
77 847 0.018711748857371893 3.9468051572200493 10.048874389323501 1.0066880190305049e+01 10.144251693692148 10.25221783274544   
78 858 0.019051228209153 4.17395425830958 10.048874389323501 1.0106817535373683e+01 10.174853615640295 10.293850217136406   
79 869 0.018783669017172724 4.387526666698922 10.048874389323501 1.0081489773924748e+01 10.219860681711975 10.568817239040946   
80 880 0.01843304882624469 4.379486091205608 10.040545184923811 1.0040545184923811e+01 10.159200889912984 10.380490330524474   
81 891 0.01901742105004809 4.478401157571221 9.987445850171234 9.9874458501712340e+00 10.046394248073915 10.267961706533013   
82 902 0.019075312689867913 4.38360389076482 9.978381365636157 9.9783813656361566e+00 10.058798835784385 10.208896731748466   
83 913 0.02280987920817296 4.41467460846938 9.964027508247494 9.9640275082474936e+00 10.076603020409463 10.25941961733835   
84 924 0.026633953683642856 4.458275000999408 9.815242341073967 9.8152423410739669e+00 10.076936597549212 10.503288143377098   
85 935 0.02880377308342614 4.564348714738919 9.815242341073967 9.8673636518857268e+00 10.109282716431732 10.617321537573783   
86 946 0.02876068282628914 4.473667693024292 9.76367322136929 9.7636732213692898e+00 10.060890391038372 10.637739366898623   
87 957 0.02866886587740383 4.4953878339771105 9.681326043118698 9.6813260431186983e+00 10.035509863648233 10.413795283158874   
88 968 0.02914112174304327 4.374179705898371 9.681326043118698 9.6899204879332483e+00 10.058541673136872 10.490256773432067   
89 979 0.028527080010881292 4.394463046279583 9.594640274494491 9.5946402744944912e+00 9.853621581064939 10.489696133116533   
90 990 0.028568052331179764 4.353424414268148 9.575585036866276 9.5755850368662756e+00 9.825384031789069 10.106378130092391   
91 1001 0.028734414365702485 4.50150586619591 9.575585036866276 9.6484056622218404e+00 9.929732708735552 10.114448893973234   
92 1012 0.027995786585216283 4.576142380902179 9.517681595605216 9.5176815956052163e+00 9.762451334444807 10.194145017422146   
93 1023 0.027510329637000994 4.788135697292353 9.43150576735259 9.4315057673525899e+00 9.879405211962673 10.524089556144158   
94 1034 0.02800868588355941 4.794118047177868 9.43150576735259 9.4637993019601883e+00 9.758903518440158 9.944589697667384   
95 1045 0.028869875496125526 4.748104493592353 9.419550794208853 9.4195507942088526e+00 9.786363139792225 10.085063675761885   
96 1056 0.027979175559069144 4.8073465510149465 9.417722079808666 9.4177220798086658e+00 9.723301361938548 9.911226996463128   
97 1067 0.027719930804396414 4.765801910449288 9.417722079808666 9.4814286813064399e+00 9.622456793488732 10.126075024924821   
98 1078 0.02643399731267293 4.838100611413212 9.353047841912161 9.3530478419121614e+00 9.737725515954256 10.06837008546176   
99 1089 0.025319469188065415 4.831068073176463 9.353047841912161 9.3711010685270093e+00 9.696397257661625 9.9072590348018   
100 1100 0.024419755926958216 4.74136285346336 9.26883115686367 9.2688311568636692e+00 9.559571153955504 9.724942642409342   
101 1111 0.024685304390729183 4.8647791203053155 9.18099447109767 9.1809944710976694e+00 9.48118398382335 10.298458534603936   
102 1122 0.023722481144361932 4.841589868463381 9.118534517389232 9.1185345173892323e+00 9.372550814856533 9.661369344815615   
103 1133 0.02280852532635496 4.848622945307583 9.118534517389232 9.1264140535117164e+00 9.352661722576034 9.869253193009483   
104 1144 0.022723160898460427 4.861516704484551 9.028207463513688 9.0282074635136880e+00 9.246096730316506 9.53840228659733   
105 1155 0.024370988436825704 4.92207623895979 8.998939692495826 8.9989396924958260e+00 9.229315970769996 9.695660017659721   
106 1166 0.026496521775550643 4.9979499026913174 8.998939692495826 9.0368150666317124e+00 9.291211462518113 9.49208568743821   
107 1177 0.02707357162933773 5.010801851059574 8.998939692495826 9.0680626126362824e+00 9.257672314065545 9.57557426544308   
108 1188 0.02588187843353348 5.128223433225692 8.971718856955476 8.9717188569554764e+00 9.238373715034237 9.44176625078329   
109 1199 0.025205148774890256 5.072414979564063 8.944461058766823 8.9444610587668230e+00 9.1947149348847 9.82018770057847   
110 1210 0.023752379816768105 4.958826413881397 8.88065025593096 8.8806502559309592e+00 9.123871787286557 9.307066258907591   
111 1221 0.024578271074353408 4.979905043138628 8.761892621992544 8.7618926219925442e+00 9.174991895283036 9.526696051759133   
112 1232 0.02501713869401797 4.820666626761389 8.740429132476674 8.7404291324766739e+00 8.927042012400932 9.27474791560527   
113 1243 0.025823987628582196 4.9904834254342365 8.723083378766384 8.7230833787663844e+00 8.911597187994607 9.420419714314757   
114 1254 0.027724305220734206 5.17773448432067 8.721412254681585 8.7214122546815851e+00 8.928159590865409 9.296965241584171   
115 1265 0.03128549167417931 5.303036058580633 8.535840567162015 8.5358405671620154e+00 8.77287555212913 9.211293608466635   
116 1276 0.03604643741505171 5.627488309417473 8.535840567162015 8.6195033113473709e+00 8.787244599792865 9.3826332174303   
117 1287 0.0400861751700987 5.772098022622241 8.535840567162015 8.6771091363058837e+00 8.84642581884358 9.301931818818938   
118 1298 0.04315559841190615 6.148090911091168 8.534787427243394 8.5347874272433941e+00 9.173095746742542 10.005106068981458   
119 1309 0.04320649214991904 6.42432823096995 8.441761970325317 8.4417619703253166e+00 8.91971499472557 9.997877261058438   
120 1320 0.0452392389892558 6.59219387041225 8.395924234358578 8.3959242343585778e+00 8.883749667557598 10.054939150070707   
121 1331 0.04375364375188596 6.642184758894158 8.395924234358578 8.4846052978998827e+00 9.12750595881449 9.933360336205746   
122 1342 0.04289876082103427 6.7000483873531 8.395924234358578 8.5526517790739902e+00 9.086876782698395 11.275694803667554   
123 1353 0.04179031145997271 6.649382899927232 8.395924234358578 8.6864511694235578e+00 9.014297018561274 9.91966261531513   
124 1364 0.0394151952332239 6.935250595854554 8.395924234358578 8.6216188248044894e+00 9.21649432766987 10.41145951766626   
125 1375 0.03452596533777397 6.955186425503419 8.333096244382048 8.3330962443820482e+00 9.122249558767221 10.0703996332184   
126 1386 0.03156871452185949 7.016741422094302 8.247472436846863 8.2474724368468628e+00 8.62253740049702 9.233513185213052   
127 1397 0.029815280133185598 7.117190608023657 8.247472436846863 8.2883659595248158e+00 8.51197982728558 9.109559027994555   
128 1408 0.029063910507908488 7.0643689172865525 8.201051154700618 8.2010511547006182e+00 8.408879432072702 9.00694520671096   
129 1419 0.027629902839120382 7.096482006701672 8.038432589387934 8.0384325893879343e+00 8.312714108975554 8.43976513832303   
130 1430 0.02664116102558825 7.2276548293307865 8.038432589387934 8.1146155624119238e+00 8.285806439227065 8.854053718872985   
131 1441 0.024877149755880075 7.347789601227893 8.038432589387934 8.1487078479531405e+00 8.275205022820625 8.724874922736655   
132 1452 0.023888924804093794 7.365946736245915 7.982235022157885 7.9822350221578846e+00 8.14130545704489 8.351939155309147   
133 1463 0.022689886067774664 7.332602967906369 7.982235022157885 7.9875644732914450e+00 8.07549344431111 8.149298762681797   
134 1474 0.02233273292461293 7.378677889716347 7.926523748881904 7.9265237488819036e+00 8.065118427483336 8.523065064325667   
135 1485 0.02182405402961083 7.343824640295078 7.926523748881904 7.9517517168906044e+00 8.125138190723884 8.206603495686203   
136 1496 0.021412095303722553 7.325380373819552 7.926523748881904 7.9830690438032086e+00 8.040867614683725 8.377340761297566   
137 1507 0.020335049748654212 7.316233498577254 7.8723907934302595 7.8723907934302595e+00 7.9950571620099025 8.07949114329428   
138 1518 0.019585198709591533 7.509283908039892 7.865710038518269 7.8657100385182694e+00 7.965338870738471 8.114387500055498   
139 1529 0.019929125833966013 7.722795058963508 7.865710038518269 7.8795703725705515e+00 7.9934701879432195 8.04030622122399   
140 1540 0.020222891875669065 7.770732779818673 7.807425890194892 7.8074258901948923e+00 7.917656647493442 8.165825128005759   
141 1551 0.01998018000532242 7.8695042442772545 7.807425890194892 7.8089112678606138e+00 7.951799283365862 8.179761339506337   
142 1562 0.02016275724099343 7.987966748301662 7.776848742947801 7.7768487429478013e+00 7.946339758380606 8.082153017989434   
143 1573 0.020600782100860995 8.22126870724431 7.776848742947801 7.7787068657071980e+00 7.849463995709545 8.092754309197165   
144 1584 0.02050530019649963 8.319124921750523 7.7481374898428275 7.7481374898428275e+00 7.94417941840551 8.08501217496766   
145 1595 0.0208267015262658 8.344817786488312 7.7481374898428275 7.7507290338109680e+00 7.8290073155081545 8.181113228939742   
146 1606 0.02101848490722039 8.27398017601648 7.6602010198983415 7.6602010198983415e+00 7.8801694402829305 8.130982453282273   
147 1617 0.021500173352711885 8.130799065114866 7.6602010198983415 7.6624615203739870e+00 7.783917381297463 7.843394337649873   
148 1628 0.021492456236482816 8.036833412224091 7.605493751341978 7.6054937513419780e+00 7.699417779320509 7.901532618742441   
149 1639 0.020588630906352386 7.938441279009581 7.605493751341978 7.6192661775177539e+00 7.692810846651549 7.873812621190403   
150 1650 0.020897017172187643 7.795369163068599 7.602711350812628 7.6027113508126281e+00 7.724393902287958 8.102531913858808   
151 1661 0.022453435320322058 7.850717027550386 7.566905577952469 7.5669055779524692e+00 7.67156847997279 7.874503675667576   
152 1672 0.02306021164908758 8.030228183532126 7.514684553285582 7.5146845532855817e+00 7.677461830778148 7.8061835543820335   
153 1683 0.022015550568185716 8.087959557982396 7.514684553285582 7.5464325601334243e+00 7.591447140154017 7.740567745460734   
154 1694 0.021552149814088185 8.007855276368593 7.48760271603766 7.4876027160376601e+00 7.6337374991976255 7.7839928291011224   
155 1705 0.02085921407117035 8.369756310139103 7.48760271603766 7.5039250525390209e+00 7.620086748084544 8.003542083794523   
156 1716 0.02003799099145083 8.325453374817258 7.429817746977004 7.4298177469770037e+00 7.575283049434811 7.825956254727866   
157 1727 0.019523206821915988 8.13277143645075 7.405445668490619 7.4054456684906187e+00 7.580045816594314 7.707076008269734   
158 1738 0.01997969167825393 8.027852398304129 7.33252679891742 7.3325267989174199e+00 7.449007815925852 7.659812223686432   
159 1749 0.020640179119109738 8.110115992005957 7.33252679891742 7.3377543403365548e+00 7.421884789349799 7.517847945179899   
160 1760 0.022290534033230502 8.212190836848839 7.260649554218172 7.2606495542181717e+00 7.354633887318273 7.4903692999507765   
161 1771 0.024035668214753725 8.40253494299958 7.260649554218172 7.2992207361018870e+00 7.3337533693531105 7.539432936706307   
162 1782 0.024820701704148435 8.699263108671817 7.260649554218172 7.2964891677691552e+00 7.38552555339634 7.552720000770923   
163 1793 0.026194589032351136 8.950214610501872 7.22079294866412 7.2207929486641200e+00 7.3454614794333715 7.534381865261807   
164 1804 0.026761191470971526 9.170812602602066 7.102376233923974 7.1023762339239740e+00 7.3862184557853166 7.71516943318618   
165 1815 0.02862102172271842 9.562999111035076 7.088907522662309 7.0889075226623088e+00 7.315053893420155 7.5542361950566805   
166 1826 0.030654514980663187 9.844947485549575 7.026499162372174 7.0264991623721738e+00 7.2913925378964075 7.359866365777296   
167 1837 0.03218321406899495 9.668688937261445 6.976506498021115 6.9765064980211147e+00 7.239964534219329 7.746273532514854   
168 1848 0.03528451540729603 9.814821134822829 6.852483455732372 6.8524834557323722e+00 7.0853338926163465 7.538535634577409   
169 1859 0.036363919097889864 10.413271090040277 6.852483455732372 6.9096946599765250e+00 7.179112219579225 8.502377471792146   
170 1870 0.036721755739207995 10.520120792786559 6.852483455732372 6.9358450643909482e+00 7.1548939614279785 7.72522716633212   
171 1881 0.03693160889057302 10.556939099895969 6.852483455732372 6.8989735019371032e+00 7.1791641090420395 7.599244812439317   
172 1892 0.03518431649064583 10.87184720051589 6.8075550761353805 6.8075550761353805e+00 7.111385612211276 7.4024277538689365   
173 1903 0.035230048385530816 10.985297212065241 6.650783738240792 6.6507837382407917e+00 6.936682595419097 7.601836253188091   
174 1914 0.03658482794729472 10.86773262522733 6.650783738240792 6.7246809939376924e+00 6.905201762813835 7.403425386064737   
175 1925 0.033464786090473604 10.896610543197255 6.650783738240792 6.6967122471191933e+00 6.961784053239209 7.45106948304801   
176 1936 0.031225385875385592 10.651990341422568 6.57523537922497 6.5752353792249698e+00 6.870679445611846 7.586964732895049   
177 1947 0.030369030603501834 10.593775539726845 6.557262851291776 6.5572628512917763e+00 6.805341099249706 8.180082593123949   
178 1958 0.030415218977920374 10.35986495059478 6.406444197460491 6.4064441974604911e+00 6.811282186206294 7.531473103775651   
179 1969 0.03096541539237097 10.02339046353954 6.406444197460491 6.4641419117811409e+00 6.620378112224539 7.069626601374103   
180 1980 0.02946142576482553 9.905017345404156 6.406444197460491 6.5051632845026237e+00 6.633476447604704 6.883219090601723   
181 1991 0.028999057133060734 9.98714829723522 6.406444197460491 6.4223671214477029e+00 6.589623360071414 6.760808963028452   
182 2002 0.0277973082121523 10.112978408594392 6.362428319806108 6.3624283198061082e+00 6.543962603744905 7.026798294508953   
183 2013 0.026525996499620362 10.615063044764835 6.32099706401536 6.3209970640153603e+00 6.477275224446525 6.783475687621956   
184 2024 0.02796965888153049 10.72739880265692 6.177679560347348 6.1776795603473484e+00 6.3642741400413465 6.602702321676076   
185 2035 0.027161593461194157 10.988824071312026 6.177679560347348 6.2937031382767250e+00 6.448551436056578 6.802222733438876   
186 2046 0.029410021809473115 10.876256465526955 6.1387763246585845 6.1387763246585845e+00 6.335776669490471 6.463829350908325   
187 2057 0.030230074588265907 11.321459769467396 6.020538021527752 6.0205380215277522e+00 6.356309457756879 6.5627116222106805   
188 2068 0.029424237560258904 11.020308106698653 6.020538021527752 6.0893070266519729e+00 6.263629817184384 6.661619085986141   
189 2079 0.02912555114256241 10.881553701415156 6.020538021527752 6.0715487172344940e+00 6.294104497002932 6.559530612444172   
190 2090 0.028512515914885163 10.954961916498526 5.959489940901093 5.9594899409010926e+00 6.072675246567153 6.737918724108288   
191 2101 0.02906905654076956 10.462559743475659 5.959489940901093 5.9809409587058209e+00 6.116084264693435 7.349041380646978   
192 2112 0.029897397190018424 10.813211455736015 5.886582585862519 5.8865825858625191e+00 6.012986018380655 6.869901636855874   
193 2123 0.03004571156026677 10.992910968851968 5.886582585862519 5.9402025301246679e+00 6.140225888831772 7.595164189321793   
194 2134 0.03297579383572392 10.865273538827067 5.819678285330012 5.8196782853300117e+00 6.047683838396101 6.529379362619363   
195 2145 0.03552273470580435 11.312115333953393 5.807534290725234 5.8075342907252336e+00 5.977145034055104 6.558467074137708   
196 2156 0.03724416016469126 11.539846971051698 5.763188855867418 5.7631888558674182e+00 5.966303955208414 6.567716378853409   
197 2167 0.038641521957880065 11.705047945105019 5.740133826763832 5.7401338267638318e+00 5.851332310038774 6.325109225996595   
198 2178 0.04030161825231454 11.498554993841333 5.737095410724342 5.7370954107243417e+00 6.1761161082949965 6.548202059906657   
199 2189 0.0400622781515952 11.678066926112168 5.737095410724342 5.7548779195754118e+00 6.139721234013079 6.781883624551528   
200 2200 0.03976420667291983 11.703040951247246 5.734642396383619 5.7346423963836193e+00 5.996804192756732 6.679388619312465   
201 2211 0.03733420993535433 11.67674732548581 5.734642396383619 5.7475258078851716e+00 6.130521016142626 6.642382487887887   
202 2222 0.036844569125931 11.564325936102199 5.723927850971765 5.7239278509717648e+00 5.905482424912027 6.668414199700253   
203 2233 0.03552636546082719 11.58464591627721 5.681689370740913 5.6816893707409131e+00 6.020885548267829 6.58925857391415   
204 2244 0.03196614297473933 11.74419919713665 5.6806351019436 5.6806351019435999e+00 5.981341318139235 6.193024550277267   
205 2255 0.03131233497699601 11.522157594792453 5.649095278934814 5.6490952789348139e+00 5.815738966057888 6.055342460474783   
206 2266 0.029229941458144247 11.269400887582343 5.482478315854619 5.4824783158546193e+00 5.688546987396393 6.128654121247496   
207 2277 0.029417823747207358 11.186686212808016 5.375090542904603 5.3750905429046032e+00 5.680572287761137 5.939190043660482   
208 2288 0.029017086966772944 11.304612064942983 5.375090542904603 5.4173676555682331e+00 5.660159360848925 5.8233431788352075   
209 2299 0.027488308180739753 10.872823640066596 5.375090542904603 5.4271118106478280e+00 5.57289650248429 5.71306854033667   
210 2310 0.0266491798684341 10.358787930338291 5.375090542904603 5.3866120743923016e+00 5.578112126861825 5.818530970116999   
211 2321 0.025626327807334433 10.354477420235792 5.375090542904603 5.4549858716646700e+00 5.561863361965684 5.9710925852850245   
212 2332 0.023635462083026994 10.280358880974408 5.375090542904603 5.4001705843747123e+00 5.56405141173533 5.664549165932606   
213 2343 0.023711402338266366 10.201358709099653 5.375090542904603 5.4534228892796994e+00 5.548478842165845 5.738739123094274   
214 2354 0.024235828077516574 9.816182403153578 5.375090542904603 5.4203359759815450e+00 5.624457401143889 6.0720905874601305   
215 2365 0.02321472539324149 9.322085245768896 5.337159327423896 5.3371593274238958e+00 5.43650908541999 5.6830160413455975   
216 2376 0.023098974719336116 9.266001274640274 5.228296168006005 5.2282961680060049e+00 5.403541812593489 5.488792752331768   
217 2387 0.023093886172802867 9.26820113155171 5.228296168006005 5.2438453302027748e+00 5.357463624036404 5.6333036522176725   
218 2398 0.023156639625063355 9.309385221629544 5.228296168006005 5.2412125053294272e+00 5.359240003800604 5.4773069406602755   
219 2409 0.023459135536780598 9.248575193445678 5.1750900180666335 5.1750900180666335e+00 5.326536468900832 5.480913590847765   
220 2420 0.023347216758134184 9.16606406257993 5.1750900180666335 5.2025476005659472e+00 5.288925656019877 5.43739142643493   
221 2431 0.02376149490207741 9.1014424573419 5.1750900180666335 5.1929885340516453e+00 5.2808539570447675 5.626647020255954   
222 2442 0.023906344523289824 9.057477934988764 5.1750900180666335 5.2027615987081619e+00 5.285779481364316 5.5692970181666315   
223 2453 0.022151978083145653 8.936793927707724 5.174484180421907 5.1744841804219073e+00 5.232965828164738 5.425814200438176   
224 2464 0.021146818416753626 8.809415198533028 5.0977558511694285 5.0977558511694285e+00 5.260805026407425 5.381867481839272   
225 2475 0.02121933303786808 8.641366769440452 5.0977558511694285 5.1091195176779109e+00 5.160941612716106 5.290443314989636   
226 2486 0.022112941217630824 8.517130665683606 5.035505975347966 5.0355059753479656e+00 5.164954310414165 5.268362190406558   
227 2497 0.02378269084158787 8.551367246104347 4.987853629650249 4.9878536296502487e+00 5.122070029211924 5.245933762249153   
228 2508 0.024339889762295466 8.654396282187124 4.987853629650249 5.0141914205547931e+00 5.066017937799668 5.16563839142201   
229 2519 0.02446534212717875 8.783993135022092 4.977203814241286 4.9772038142412862e+00 5.090521892706784 5.242145129894174   
230 2530 0.02437082505414834 8.831343126821578 4.977203814241286 5.0983949944867488e+00 5.177630721925642 5.2454689650275865   
231 2541 0.0243093592022971 8.704238994343799 4.977203814241286 4.9781281957013386e+00 5.10989305576706 5.337725618919597   
232 2552 0.024168577421639 8.636279934042928 4.93425273002521 4.9342527300252099e+00 5.016180242604897 5.105024580606727   
233 2563 0.024338247183804878 8.76269053218612 4.932944961158602 4.9329449611586016e+00 4.987066218859641 5.101698988855024   
234 2574 0.02488039363949891 8.899468099779579 4.8842186120014395 4.8842186120014395e+00 5.013035578552348 5.0520998510539386   
235 2585 0.024845092455780617 8.708905235276152 4.862419302384743 4.8624193023847431e+00 4.970283263225683 5.119737197301216   
236 2596 0.025551264757799088 8.71784244976983 4.8237981438910325 4.8237981438910325e+00 4.9452670130275 5.04288720024867   
237 2607 0.029452831611430003 8.937926553505134 4.798724576625433 4.7987245766254327e+00 4.92887877690877 5.042394882042361   
238 2618 0.031808510149588236 9.583268650920205 4.798724576625433 4.9000706277495070e+00 5.027863739223912 5.243282931954813   
239 2629 0.0327444687870221 9.419390275547832 4.798724576625433 4.8535892546021238e+00 4.976975112278194 5.160583425555439   
240 2640 0.03185068283227416 9.343344118198388 4.798724576625433 4.8610367922438709e+00 4.95414777103477 5.474107161405127   
241 2651 0.03239173543796429 9.104635063590187 4.684830162865929 4.6848301628659286e+00 4.98915442038098 5.318040676739701   
242 2662 0.032888785242772056 9.127251024450306 4.6269720614563745 4.6269720614563745e+00 4.866340269513103 5.043463309099973   
243 2673 0.033177448809144645 9.235311445316048 4.6269720614563745 4.6985955199819331e+00 4.770211785299612 5.082032899599203   
244 2684 0.03365708171183763 9.116353499253387 4.6269720614563745 4.6331929365741411e+00 4.8220452326026475 4.959367859204907   
245 2695 0.03435899973863608 9.277443549396795 4.555660074947544 4.5556600749475438e+00 4.707978551784793 5.012321976765918   
246 2706 0.03601356042449179 9.199128138076864 4.555660074947544 4.6416836816724212e+00 4.834414410927004 4.97521434091305   
247 2717 0.03687792380525713 9.239726826745473 4.555660074947544 4.5791971004295533e+00 4.782292030985863 5.060978361587567   
248 2728 0.03656915758813323 9.105576526969873 4.475709378627801 4.4757093786278013e+00 4.6490531463767235 4.959671425101033   
249 2739 0.03576732386415542 9.25385279076905 4.475709378627801 4.4987622029722880e+00 4.674868762714772 4.750982190215341   
250 2750 0.03679571738667099 9.315329302384322 4.475709378627801 4.4868355909325075e+00 4.751524263131594 4.917157299960305   
251 2761 0.03766323339561885 9.640121465774962 4.429535680130172 4.4295356801301722e+00 4.554861160603097 4.725424371859486   
252 2772 0.037119168351532346 10.054950026811396 4.376015196994717 4.3760151969947172e+00 4.596197268540227 4.886494028677112   
253 2783 0.035874631047016124 9.977850527026057 4.369340867334722 4.3693408673347216e+00 4.510944659788362 5.858123266400767   
254 2794 0.03635563390339189 10.00294523667141 4.369340867334722 4.4315313655892172e+00 4.585870527480321 4.959072287717302   
255 2805 0.03328663838658867 10.462439272547869 4.347688946995036 4.3476889469950359e+00 4.483128880629737 4.835828080613479   
256 2816 0.03279233330463924 10.79810984962031 4.307090329861931 4.3070903298619312e+00 4.48629487479125 4.6896556382542   
257 2827 0.031533405936586933 10.633275666887291 4.206370170054296 4.2063701700542957e+00 4.33474309065287 4.60443098649196   
258 2838 0.03143456881220041 10.825587518952528 4.136811013137992 4.1368110131379918e+00 4.38492864013516 4.498411983917061   
259 2849 0.031366100313608695 11.110700829176452 4.136811013137992 4.1896793715631269e+00 4.309433674421073 4.585952917983728   
260 2860 0.031498172452679794 10.60505066218381 4.136811013137992 4.1495080490888601e+00 4.232526031513766 4.479647549825637   
261 2871 0.031165661998569266 10.312336974947037 4.113250769800681 4.1132507698006808e+00 4.2080931348493715 4.804907027394109   
262 2882 0.029742332764461817 10.180514322530167 4.101873212637065 4.1018732126370647e+00 4.3031807402852005 4.48419391680125   
263 2893 0.03133044045726851 10.13212397488283 4.083817471579714 4.0838174715797138e+00 4.263926273874449 4.482679426212115   
264 2904 0.030909722726673746 10.411546844884542 4.083817471579714 4.1346692079793890e+00 4.18288664473599 4.502846005262862   
265 2915 0.030188790874594532 10.70650878148655 4.034253203028602 4.0342532030286016e+00 4.2663428279982645 4.505227005871349   
266 2926 0.029217493349222485 10.937294075208076 4.025885817047156 4.0258858170471559e+00 4.123281633060821 4.28926629756721   
267 2937 0.02916149841017972 11.191934365730942 3.9620484023800104 3.9620484023800104e+00 4.110548168209014 4.277635422607005   
268 2948 0.029116769812877363 10.912647378423962 3.9620484023800104 3.9719014498204026e+00 4.091897197341012 4.237165838320879   
269 2959 0.027106434826028727 10.84047169820915 3.955563220027692 3.9555632200276918e+00 4.065603388838903 4.167273756009868   
270 2970 0.026608345165940104 10.836296524533287 3.9460438363000248 3.9460438363000248e+00 4.033992980218583 4.163761935706539   
271 2981 0.024429002934717073 10.939939652175822 3.9460438363000248 3.9617257398323771e+00 3.9839419329224053 4.1053391934593355   
272 2992 0.02377402230069533 11.007552366301608 3.8533175319207738 3.8533175319207738e+00 3.939725638759059 4.322912828608051   
273 3003 0.022581457150219916 10.831180836439247 3.8533175319207738 3.8703716105603547e+00 3.942775610846817 4.034838961571937   
274 3014 0.022895900634380698 10.987007695013254 3.8481497369967124 3.8481497369967124e+00 3.917624932775924 4.04033166032121   
275 3025 0.022926328016921616 11.145697539513524 3.776688123243139 3.7766881232431389e+00 3.8906627713035236 3.98682282842624   
276 3036 0.023184058681477156 11.310373496584527 3.776688123243139 3.7825429471418293e+00 3.8694674199082266 4.05242675145818   
277 3047 0.02319579854886607 11.17533424165252 3.733020618173871 3.7330206181738710e+00 3.85279163512625 3.9425785184449826   
278 3058 0.023224070598407927 11.210423684281475 3.7163162300461132 3.7163162300461132e+00 3.8084167981187003 3.9320089207925317   
279 3069 0.02341435200705087 11.033049611272384 3.7163162300461132 3.7402254122187166e+00 3.8096290558456425 3.8781182914200363   
280 3080 0.024167219238799772 10.820686532359094 3.695332861452424 3.6953328614524241e+00 3.7535226961659713 3.9245307900985216   
281 3091 0.024764534564971498 10.943107495488789 3.6540853611539346 3.6540853611539346e+00 3.761118934408935 3.893768562873206   
282 3102 0.024986681787942694 10.966908682978035 3.6540853611539346 3.6882694277834762e+00 3.7915946085385586 3.9242849173466485   
283 3113 0.026582298517454236 10.860162715000595 3.646116239828875 3.6461162398288751e+00 3.7555662374573506 3.8365376611957225   
284 3124 0.025591851987839503 10.517393804259674 3.638686907874663 3.6386869078746629e+00 3.762894163108281 3.8718524120647357   
285 3135 0.02406469187145552 10.409015295972 3.638686907874663 3.6502888180508810e+00 3.7216459978416276 3.8692778155528647   
286 3146 0.02311246480000863 10.033738624416683 3.635304815958005 3.6353048159580048e+00 3.709664449756187 3.823772770285838   
287 3157 0.02205921639172304 10.252713339889791 3.5766611128998096 3.5766611128998096e+00 3.6515271745521622 3.771750048449951   
288 3168 0.021015212845264624 10.525326491866139 3.5606002866682362 3.5606002866682362e+00 3.606719010188349 3.658119947071893   
289 3179 0.022882075494407864 10.72878991042397 3.517419692095115 3.5174196920951148e+00 3.5728109002818442 3.6628351788783746   
290 3190 0.02555388109405464 11.420795544541436 3.4596573458937625 3.4596573458937625e+00 3.556428505521721 3.6461502874122433   
291 3201 0.03108565006411637 11.375379848268395 3.3851307661075176 3.3851307661075176e+00 3.4736027698582395 3.582896952281469   
292 3212 0.03655099248625073 12.084340439015744 3.3720113202698885 3.3720113202698885e+00 3.499707723646901 3.8430049769901253   
293 3223 0.0421587761157845 12.017105263618976 3.1807977458949614 3.1807977458949614e+00 3.4848630492392774 3.75159023259745   
294 3234 0.049042850763966056 12.193653340954574 3.1807977458949614 3.1986380057217709e+00 3.5855451739725277 3.8197086442671218   
295 3245 0.05243609319139199 12.085680346402636 3.1807977458949614 3.2061435286657156e+00 3.438547741662471 3.626493052484704   
296 3256 0.05360788744059411 12.363550090013998 3.1807977458949614 3.1976824307244436e+00 3.5682583405357056 3.9460209439072673   
297 3267 0.05382525634233967 12.382571685716904 3.1807977458949614 3.2785413194821520e+00 3.466198920563806 3.778792811435247   
298 3278 0.05114417341224298 12.513746126082925 3.1807977458949614 3.2744385522629007e+00 3.6971008573045383 3.9751911862257296   
299 3289 0.04676560603732036 12.687607440766753 3.1807977458949614 3.2622985409310674e+00 3.4369113674290275 4.014438916781192   
300 3300 0.04614182635955338 12.856873883030616 3.1747680290132827 3.1747680290132827e+00 3.4826498299630657 4.0759720957916254   
301 3311 0.044183309959765826 13.090760036528595 3.1747680290132827 3.2092910573417530e+00 3.411463664138308 3.709711484316186   
302 3322 0.04191518859113015 13.136862051743346 3.1747680290132827 3.2006065250554481e+00 3.3619256885147872 3.565947183956595   
303 3333 0.039470580052112784 12.905684858097372 3.142092901562461 3.1420929015624610e+00 3.3003401840684727 3.487774899838123   
304 3344 0.03746108718890173 12.455671591675404 3.087147103407668 3.0871471034076681e+00 3.1651411114497794 3.545424047000763   
305 3355 0.03728194569406397 12.18566531356288 3.01668914288197 3.0166891428819702e+00 3.1399348261571274 3.4893431641453576   
306 3366 0.03586719790461653 12.084220153725338 3.0151060337455897 3.0151060337455897e+00 3.1405219661533543 3.399119457061757   
307 3377 0.03459602938416229 12.091302850006704 3.0151060337455897 3.0229169434089642e+00 3.123064358237615 3.3982100793512107   
308 3388 0.03320407557401769 12.004325455152209 2.996399732866055 2.9963997328660552e+00 3.1089722122789767 3.409223208716236   
309 3399 0.03255019973731053 11.795070778881009 2.903171169578092 2.9031711695780920e+00 3.1154269687280656 3.4406790583863875   
310 3410 0.03247645096070706 11.869448535657309 2.8736401651483012 2.8736401651483012e+00 3.027475214440381 3.2013367942928435   
311 3421 0.0322129642183241 11.66203486466772 2.8736401651483012 2.9235897357863880e+00 2.9725188450614963 3.0840612295521344   
312 3432 0.03344408800404235 11.91715526775099 2.8736401651483012 2.9056035772373527e+00 2.971258464448822 3.130445035515968   
313 3443 0.03357141041333148 12.194346725654869 2.8736401651483012 2.8986518858598167e+00 2.9551196941627884 3.1124150217475335   
314 3454 0.03272858545555827 12.363736434467308 2.846372029453504 2.8463720294535042e+00 3.022742410684123 3.1845316212662684   
315 3465 0.031193808805822766 12.505359072736923 2.8274742403995825 2.8274742403995825e+00 2.8902782201788426 3.199409909053739   
316 3476 0.03210884277897154 12.315304905369269 2.8274742403995825 2.8449539042901493e+00 2.92221218390921 3.0487677588591513   
317 3487 0.03291192876305726 12.112942907217429 2.713394533752016 2.7133945337520160e+00 2.85626649515847 3.01842935447892   
318 3498 0.036041969763637514 12.21564240279876 2.713394533752016 2.7541313545095267e+00 2.8411442699734164 3.0004023344137356   
319 3509 0.0372677082873574 12.390780100516874 2.693058155561668 2.6930581555616682e+00 2.882599787600883 2.9538784496204187   
320 3520 0.035637792665879235 12.121572764565883 2.693058155561668 2.7319802269588340e+00 2.798270549748486 2.9720075936342614   
321 3531 0.03443082319726349 12.271043472170879 2.6898870602575746 2.6898870602575746e+00 2.7428134424581883 3.14454250408518   
322 3542 0.03277880004709868 11.775043233471443 2.571984195152107 2.5719841951521070e+00 2.7300276175354172 3.021016761753398   
323 3553 0.031466808000247745 11.86548714367223 2.571984195152107 2.6272482276621933e+00 2.7132480300235677 2.8369141394080675   
324 3564 0.03197969229022341 11.287015225277665 2.571984195152107 2.5843839162389717e+00 2.6859547722086177 2.747472854066606   
325 3575 0.03213783365275251 11.320788392500477 2.5553501516010577 2.5553501516010577e+00 2.6763579714673136 2.8420782255741317   
326 3586 0.031117009858424693 11.437583721110364 2.535208832344696 2.5352088323446962e+00 2.6085764846039674 2.694066710444836   
327 3597 0.030359855303907907 11.773806415559589 2.535208832344696 2.5370048715715550e+00 2.631126451142917 2.78684288941314   
328 3608 0.028980750881006545 11.36113539592582 2.535208832344696 2.5359954695715263e+00 2.5973380514043654 2.7596572974279407   
329 3619 0.025829085907697464 11.583527514151502 2.490462814351552 2.4904628143515519e+00 2.576496912344928 2.697523652857527   
330 3630 0.024427322312576383 11.715505646675455 2.4711541545749567 2.4711541545749567e+00 2.5771571942070213 2.6548970677860537   
331 3641 0.023861483221548 11.280610083933988 2.4711541545749567 2.4824584068627589e+00 2.5288721516312243 2.5945094371395294   
332 3652 0.02446103355758788 11.049621774486477 2.4348951953761215 2.4348951953761215e+00 2.501452736603224 2.5912665183462296   
333 3663 0.025379605788125332 10.97360469546052 2.4035105059795043 2.4035105059795043e+00 2.4784918525025987 2.5664667096160168   
334 3674 0.02700695935033535 11.09665504427342 2.3923594770988617 2.3923594770988617e+00 2.443162057679841 2.5564393668725813   
335 3685 0.02759519243171812 11.032936208069396 2.3912479993009317 2.3912479993009317e+00 2.4526929429633437 2.540988935298186   
336 3696 0.028910705038491812 11.29683039767908 2.3301768225441117 2.3301768225441117e+00 2.4144484771783423 2.481824717695873   
337 3707 0.03045940889581101 11.779153490556519 2.3116253215195077 2.3116253215195077e+00 2.4212326845872396 2.7060475744088377   
338 3718 0.03126747095124931 11.802651202214482 2.3116253215195077 2.3299064832247369e+00 2.3867976271309685 2.498900451113954   
339 3729 0.03169622998352741 12.021478414183026 2.3116253215195077 2.3293632989215984e+00 2.4206517880620946 2.5698826342909022   
340 3740 0.032732376651293846 12.016879752776624 2.292286282501329 2.2922862825013288e+00 2.4041723799151837 2.480739311832605   
341 3751 0.03251409599956575 11.82894358764237 2.292286282501329 2.3571955715385582e+00 2.3886182403887695 2.5735413980646893   
342 3762 0.03166742471445873 11.676271111346935 2.292286282501329 2.3871942512046944e+00 2.4097703316311656 2.546706311632464   
343 3773 0.03181348586256417 11.783930495811349 2.292286282501329 2.4074538793588061e+00 2.462775692952223 2.5437830837671918   
344 3784 0.029213571796604196 11.648917879607968 2.292286282501329 2.3162129224375674e+00 2.4949820639548257 2.6148007661917223   
345 3795 0.028927817709841486 11.86739503447192 2.247620074649743 2.2476200746497428e+00 2.4223735285262644 2.5849828191988555   
346 3806 0.030643247601052814 12.107447217477052 2.247620074649743 2.2735187207517740e+00 2.308473538348781 2.4395955060728958   
347 3817 0.033530990386702667 12.413637392337298 2.2359691698562942 2.2359691698562942e+00 2.293281904486059 2.474395477974534   
348 3828 0.03511882711774533 12.779235169244492 2.2359691698562942 2.2424740401087235e+00 2.3572684218754762 2.4141670440727796   
349 3839 0.03721732828987554 12.592140986280963 2.1435791924846357 2.1435791924846357e+00 2.2801048695078703 2.6668191539885466   
350 3850 0.0378592136545053 12.557615363313335 2.128187146603505 2.1281871466035049e+00 2.2455657042280324 2.4156281135130357   
351 3861 0.037543248138177034 12.65632787928437 2.0907487943844947 2.0907487943844947e+00 2.21440921922584 2.524280274712834   
352 3872 0.03808443619840435 12.59723569064207 2.0907487943844947 2.1023709354226581e+00 2.2185992476918717 2.3310592148279916   
353 3883 0.03943932144077884 12.566836646614814 2.0687058928701885 2.0687058928701885e+00 2.1584173022680644 2.2803217242602303   
354 3894 0.040474780738721204 13.233850795318725 1.9761610320864853 1.9761610320864853e+00 2.1680079772935867 2.4851673537455063   
355 3905 0.042971566737563804 13.295219239802856 1.9626380367571676 1.9626380367571676e+00 2.0512338050745456 2.2570918187271007   
356 3916 0.044989793524773565 13.338946739324244 1.9489541371139056 1.9489541371139056e+00 2.0502630774799493 2.366237142303043   
357 3927 0.048544671429837954 13.795620090979888 1.9489541371139056 1.9507426087750930e+00 2.0895696808218616 2.2446026854468193   
358 3938 0.05049878144146958 14.421314174833821 1.884323975123462 1.8843239751234619e+00 2.041216529639218 2.288587710687442   
359 3949 0.051892987363199417 14.600457893415838 1.8766555709272494 1.8766555709272494e+00 1.9674849410662678 2.140711902375507   
360 3960 0.05220639822416528 14.797931907602974 1.8766555709272494 1.9861118206618980e+00 2.2312766093826117 2.918348169968473   
361 3971 0.05276848281670062 14.57689510056173 1.8766555709272494 1.9270164678642741e+00 2.030378569138075 2.523137222912891   
362 3982 0.04983198378115379 14.06783772867965 1.8532770076705036 1.8532770076705036e+00 1.979646144549883 2.316460268124774   
363 3993 0.04938624468502352 14.11323241274014 1.775787643852281 1.7757876438522811e+00 2.038078009550296 2.3266567933057978   
364 4004 0.05266744593290093 13.930246561167772 1.775787643852281 1.8163908426647877e+00 1.9496402812782723 2.2676132818265295   
365 4015 0.05636246899359942 13.89987716253736 1.6203412988843375 1.6203412988843375e+00 1.987465743621894 2.3394157200929926   
366 4026 0.056933016691562234 13.45124165082254 1.6203412988843375 1.7217738369430307e+00 1.8066420191446062 2.222139511926681   
367 4037 0.055801535324437386 13.45729632102694 1.6203412988843375 1.7387484797832902e+00 1.9463526821594335 2.3098868000788655   
368 4048 0.0575090365627758 13.250846758307015 1.6203412988843375 1.7337675433637838e+00 1.8916031914443416 2.0175238634334924   
369 4059 0.06079332859411638 12.945502347844942 1.603625345158 1.6036253451580000e+00 1.8484549856231778 2.055761137209159   
370 4070 0.0660745998430187 13.312809481746791 1.5099709168071431 1.5099709168071431e+00 1.8116377027444261 2.406120179532067   
371 4081 0.06571232604026772 13.874135425678201 1.5099709168071431 1.5443314435820554e+00 1.7355860014661046 2.160965503987873   
372 4092 0.061614165379729545 14.371724225114578 1.5099709168071431 1.6881503605685531e+00 1.8859058685126677 2.4104631997280928   
373 4103 0.05597564855305047 14.345249726145015 1.5099709168071431 1.6469884375117694e+00 1.8825907903505215 2.444220229860641   
374 4114 0.05053053912682309 14.505751628972922 1.5099709168071431 1.6665589906073008e+00 1.8053029529836517 2.3216272405108316   
375 4125 0.04636107108782995 14.588477001925547 1.5099709168071431 1.6293988384219995e+00 1.772297756898358 1.952969805884845   
376 4136 0.0445023251582758 14.45425927376358 1.5099709168071431 1.5943847184849862e+00 1.7620577557892783 1.881404356088126   
377 4147 0.04360140241764384 14.39945906235017 1.5099709168071431 1.5530837477659163e+00 1.717561791994469 1.8668898657363633   
378 4158 0.043037618641005755 14.590441371502502 1.4610195892829165 1.4610195892829165e+00 1.7289141564117705 1.909946884655907   
379 4169 0.04196391771197277 14.635592959833684 1.4610195892829165 1.4669849553197334e+00 1.5956388461652393 1.8750017229421956   
380 4180 0.04258448467694929 14.841704361874909 1.4345274355756663 1.4345274355756663e+00 1.5566448815827552 1.737042777236446   
381 4191 0.042489445504533194 14.846893170078047 1.3534723007536344 1.3534723007536344e+00 1.5007135329819983 1.7215970283700823   
382 4202 0.04426288495797118 14.930204179684786 1.3534723007536344 1.4150181718805488e+00 1.46387563601374 1.6519810521634914   
383 4213 0.04679488860590551 15.17687113244749 1.2980196514321332 1.2980196514321332e+00 1.457070029653463 1.759544926693071   
384 4224 0.047262606566971836 14.758464347691673 1.2431928592268282 1.2431928592268282e+00 1.3798344787455212 1.6690623374072855   
385 4235 0.04733130473337795 14.702250818297582 1.2146993697624415 1.2146993697624415e+00 1.372583996375923 1.5783697331394149   
386 4246 0.04617189080496349 14.630049785102408 1.2146993697624415 1.2555508545045915e+00 1.402986225090923 1.5468656616473204   
387 4257 0.041420589212924526 14.61141605774271 1.2146993697624415 1.2540033713187531e+00 1.3939901061677205 1.535830905149404   
388 4268 0.03863617000657739 14.13250838192855 1.2146993697624415 1.2737301978254481e+00 1.3527580333644407 1.613086118609167   
389 4279 0.036469961015710664 13.762602616631819 1.2146993697624415 1.2503877551365497e+00 1.2781712043600035 1.4744707043073262   
390 4290 0.034541180857500874 13.430036989008439 1.1944084172875433 1.1944084172875433e+00 1.28969937557259 1.3785784224562079   
391 4301 0.031612094626182724 13.27500821116818 1.1936046295135263 1.1936046295135263e+00 1.2880477575700902 1.4140523208838274   
392 4312 0.030063090665331037 13.027558006911962 1.1728987552354049 1.1728987552354049e+00 1.2445355169986492 1.3318527992834106   
393 4323 0.027770230431061325 12.8761177652996 1.1728987552354049 1.1766883898105758e+00 1.2196338965547016 1.2867332410715546   
394 4334 0.027889908107276637 12.993395686689945 1.1314826086113843 1.1314826086113843e+00 1.1851739373999712 1.3080226694346484   
395 4345 0.030644309565687547 12.417407207546864 1.0838364164487473 1.0838364164487473e+00 1.1806385941010564 1.2632206240356454   
396 4356 0.03260937196110844 12.980704633241361 1.0838364164487473 1.1107710974891778e+00 1.1387439246732396 1.2601794922928726   
397 4367 0.033281747714671434 12.87258299201413 1.0838364164487473 1.0977732637661319e+00 1.1781087073488048 1.2611697572596365   
398 4378 0.03467976531707892 13.11341816246763 1.0838364164487473 1.1034690972277954e+00 1.1600378256135095 1.2693381428274306   
399 4389 0.03508569156899426 13.485806058145576 1.0838364164487473 1.1254810989200199e+00 1.1718221589986078 1.2262299025799748   
400 4400 0.033461729056352155 13.857878418838444 1.0460051994759594 1.0460051994759594e+00 1.1943343625749345 1.2742341630321428   
401 4411 0.032806276366334576 13.898404986703316 1.0365368545748113 1.0365368545748113e+00 1.1302909934526089 1.253197702608099   
402 4422 0.03116194443748364 14.532284170657048 1.012604996213513 1.0126049962135131e+00 1.1152009315539542 1.1528284466923544   
403 4433 0.031811116281789314 14.698591163796603 1.012604996213513 1.0131052991857095e+00 1.0789627383161142 1.2459675820866072   
404 4444 0.03182780712343926 14.518335103113975 1.0014670496170193 1.0014670496170193e+00 1.0360811209387593 1.1834763156533081   
405 4455 0.032879161897080025 14.69585249774474 0.9683941931551836 9.6839419315518360e-01 1.037847991368276 1.1470894887034193   
406 4466 0.03337827222290379 14.799670617101155 0.9453801615133097 9.4538016151330972e-01 1.023921976992369 1.084612012254214   
407 4477 0.03481978876562411 15.145112855538486 0.8981369497443334 8.9813694974433345e-01 0.9976373386805497 1.0369279435305065   
408 4488 0.03701150875242845 15.270563377945589 0.8669544047732272 8.6695440477322716e-01 0.9590200276323404 1.1594231343920578   
409 4499 0.03847640626403019 15.214671549167685 0.8669544047732272 8.8998841119688743e-01 0.9382287234263069 0.9808316820290512   
410 4510 0.04115344735963313 15.539187014413047 0.8669544047732272 8.8467950750845803e-01 0.9597234104990306 1.071494582356122   
411 4521 0.044870205406333075 16.089673394414483 0.844517307782376 8.4451730778237599e-01 0.9430738545619235 1.0207748952029931   
412 4532 0.044575201950904905 17.07938434046821 0.844517307782376 8.6198269503495384e-01 0.9148921240855985 1.02434194121553   
413 4543 0.04180537089370805 17.014391854492615 0.844517307782376 8.4983301347787155e-01 0.9374786854529522 1.1077352297706324   
414 4554 0.04522128170652694 16.584487348251816 0.7612170138873007 7.6121701388730068e-01 0.8768377987575703 1.102998514796643   
415 4565 0.04641874877721829 17.05959434401429 0.7392300749812394 7.3923007498123938e-01 0.8335635932833353 0.9273683973703459   
416 4576 0.045392686888348334 17.524774629445325 0.7392300749812394 7.8161938740098269e-01 0.9262763180414761 1.162728469873941   
417 4587 0.04445174311450221 17.45975018486041 0.7392300749812394 7.4710962432799355e-01 0.8612123207724973 0.9541921491976048   
418 4598 0.041438353679987064 18.07237334934658 0.7392300749812394 7.7620144172824368e-01 0.8711380965466214 0.9738196651776247   
419 4609 0.0394351760664889 17.636998743302087 0.7264864183870858 7.2648641838708583e-01 0.8426507391798789 1.025475515438876   
420 4620 0.03793839708657501 17.495024930033022 0.7133822835282035 7.1338228352820354e-01 0.7787302553540028 0.8649221350005529   
421 4631 0.03895297571789863 17.291792951232562 0.690368494899178 6.9036849489917795e-01 0.7765329374177594 0.8156982071985961   
422 4642 0.03961082861981918 17.495739950887945 0.6626002590813562 6.6260025908135622e-01 0.7432525609947194 0.8327304583487183   
423 4653 0.03835248430732054 17.309013979674653 0.6626002590813562 6.8160366521014959e-01 0.7530304079531698 0.9145119927035019   
424 4664 0.035963098615352865 17.559481795831907 0.6626002590813562 6.9210438810349939e-01 0.7693838821656611 0.8553759882337397   
425 4675 0.034155501064383316 17.483677583586935 0.6600588228361907 6.6005882283619066e-01 0.730908528556061 0.9115731712554486   
426 4686 0.03227754796722363 17.06350910948867 0.6484217139447621 6.4842171394476211e-01 0.7028267098720752 0.8327889156747796   
427 4697 0.031717735658582234 16.981324267769157 0.6484217139447621 6.5014051674170803e-01 0.6752944091388372 0.749883269176443   
428 4708 0.03093156168435869 17.11959171686207 0.6145904019379181 6.1459040193791814e-01 0.6844279418639754 0.7476017609204715   
429 4719 0.03026179044557101 16.626024676194067 0.6036002396420466 6.0360023964204657e-01 0.6441164847075211 0.7562337599958382   
430 4730 0.029955391546240547 15.874257206687556 0.5827191047009818 5.8271910470098176e-01 0.6199703687873357 0.7111305762581706   
431 4741 0.030371990532906044 15.411030601004168 0.5717226573672614 5.7172265736726136e-01 0.6190607112908246 0.6583569273736121   
432 4752 0.03348374067428907 15.65161612006538 0.5520711971513634 5.5207119715136344e-01 0.5904579908957766 0.6284591929264356   
433 4763 0.036956381385986906 15.07782677657629 0.5520711971513634 5.5291093678660097e-01 0.6093835433372242 0.6643084711632397   
434 4774 0.03924246877475594 14.397715158091158 0.5257333601894725 5.2573336018947248e-01 0.5754882090932475 0.6739536581311336   
435 4785 0.04113374749210264 14.475073400309206 0.517308152262548 5.1730815226254800e-01 0.5696671213841021 0.6866731761539208   
436 4796 0.04506025249449633 15.001364785571043 0.5136133605272124 5.1361336052721240e-01 0.5854362616716916 0.7015830020727785   
437 4807 0.047869892457866194 15.295439085000732 0.4953892236419938 4.9538922364199378e-01 0.5680966456502765 0.7110906895411103   
438 4818 0.047209154309959714 15.677130263815307 0.4718815894129826 4.7188158941298258e-01 0.5913042214078655 0.710036949634741   
439 4829 0.04665467399411811 15.172703526281014 0.4718815894129826 4.7853803612997037e-01 0.5365607527589935 0.7161307755144105   
440 4840 0.048745448776647625 15.539174695858883 0.42169718126864086 4.2169718126864086e-01 0.5309948764049449 0.6600006925436611   
441 4851 0.048766813085781895 15.84668892160211 0.40158381098193974 4.0158381098193974e-01 0.5415419031922282 0.7362605268039327   
442 4862 0.048408430548187165 15.865764753630193 0.40158381098193974 4.2469333666155662e-01 0.5374562226762989 0.6245357942927876   
443 4873 0.04769693622706701 16.244886246082476 0.40158381098193974 4.1424818910699357e-01 0.5208683959902733 0.5885962199701016   
444 4884 0.046665669385578035 16.01683643717687 0.37226897990804086 3.7226897990804086e-01 0.49154124994599085 0.5666399075608641   
445 4895 0.04785153505503492 15.92984148089282 0.37226897990804086 3.7235724260560843e-01 0.48050130088924 0.7317049227013714   
446 4906 0.05022145629786304 16.557578233099417 0.369568187988979 3.6956818798897900e-01 0.5143206652396419 0.6548531002380302   
447 4917 0.051688041222889745 16.704632106258504 0.3438284496536588 3.4382844965365877e-01 0.4332813204905171 0.6716642290042631   
448 4928 0.05123555908984148 17.136194647459483 0.3321966752079843 3.3219667520798429e-01 0.43278641318094935 0.5490743268639127   
449 4939 0.05037713402278054 17.55689687622594 0.293827473625714 2.9382747362571399e-01 0.37518525296917304 0.4307947852859393   
450 4950 0.04807810132330298 18.05482344070775 0.2760474302813767 2.7604743028137668e-01 0.36744139236645285 0.4466224677710926   
451 4961 0.04867047992626664 17.8050463860008 0.2760474302813767 3.1448138187308905e-01 0.35103197491370464 0.5214265913321176   
452 4972 0.0491304846101055 18.258004095599524 0.2760474302813767 2.7657442279015415e-01 0.39698791823649526 0.6652217224992107   
453 4983 0.046946577232653164 18.19646470822458 0.2760474302813767 2.9631673981806872e-01 0.33710551084201823 0.5345058661016684   
454 4994 0.04463120102584017 18.57472568675602 0.2530175787713195 2.5301757877131947e-01 0.2865118883463603 0.42191651618085235   
455 5005 0.043516419762872675 19.30304068413549 0.2530175787713195 2.5679598513363000e-01 0.34306552061216705 0.4082497533919468   
456 5016 0.042985834407135555 19.247600022123716 0.21829847897416166 2.1829847897416166e-01 0.26571352219204764 0.5552310461864718   
457 5027 0.04235959548860219 19.10597668224861 0.21527497968562287 2.1527497968562287e-01 0.28232033112234306 0.3564732861026623   
458 5038 0.04062731943719606 19.422311924008525 0.21527497968562287 2.1934399294301235e-01 0.2659847115297483 0.4112742624521772   
459 5049 0.03665713491032179 19.171700224290525 0.20430635787522128 2.0430635787522128e-01 0.24308124218076632 0.32827611732827755   
460 5060 0.03489072669843814 18.798082300798395 0.19343555814339125 1.9343555814339125e-01 0.2337205140707124 0.3010990157699196   
461 5071 0.035126631449252536 19.084041937713558 0.18764097741715044 1.8764097741715044e-01 0.2157401296847566 0.2550645015328682   
462 5082 0.03599953677185215 18.656945245726938 0.17903248809714042 1.7903248809714042e-01 0.21327304189280905 0.23802167533719257   
463 5093 0.035225051065936284 18.891522729067404 0.17537110350140606 1.7537110350140606e-01 0.2064578470483564 0.28624663818296925   
464 5104 0.03312946082041885 19.110468203333486 0.17537110350140606 1.8144248830268384e-01 0.21359829930137508 0.2731371696688681   
465 5115 0.030026500601514634 19.266765767995373 0.17537110350140606 1.7753661098228163e-01 0.20838627795810744 0.27857212723348157   
466 5126 0.02886597102866872 18.908294583454335 0.16566893496382884 1.6566893496382884e-01 0.19216851277954716 0.23627870089109834   
467 5137 0.02855755005315359 18.35818139309079 0.1545980666222214 1.5459806662222139e-01 0.18304513963105443 0.23231863349982115   
468 5148 0.028802456959514385 18.525663283394337 0.15344112832291057 1.5344112832291057e-01 0.17628274748335257 0.19649965361780486   
469 5159 0.029660285117299366 18.60582609235294 0.150279845832003 1.5027984583200299e-01 0.16460774948158952 0.2148748514835435   
470 5170 0.02976577827810043 18.714152767639774 0.150279845832003 1.5107071044689779e-01 0.16159439732804015 0.2036452162508621   
471 5181 0.029861902684697496 19.23313239634545 0.13907373172128373 1.3907373172128373e-01 0.16873171063960174 0.19863193589801548   
472 5192 0.030522279280114216 19.76978234622097 0.13907373172128373 1.4978653553849863e-01 0.16341497750868128 0.17341473558911843   
473 5203 0.031120501525282573 20.627542946953625 0.13095680771882034 1.3095680771882034e-01 0.1603780961369523 0.19997806941137078   
474 5214 0.0317988553020573 21.107384054304664 0.11582397757042767 1.1582397757042767e-01 0.15981258671255022 0.24076081248216552   
475 5225 0.03099794299399396 20.87666714682525 0.11582397757042767 1.2522823354313639e-01 0.14070890983415166 0.2352539464148062   
476 5236 0.030886669771070716 20.67108366561178 0.11582397757042767 1.2677173283800711e-01 0.16120119891323045 0.20266678654890596   
477 5247 0.030939441837124586 20.51204816045333 0.11582397757042767 1.3207326179601525e-01 0.15350400873758313 0.20686223139859172   
478 5258 0.030192656887775414 20.63266385888719 0.11582397757042767 1.3625653294673262e-01 0.15387629757832505 0.1949615133987626   
479 5269 0.02924050113392675 20.490927677164322 0.11582397757042767 1.2521710500710631e-01 0.15226478140194116 0.17548033173157346   
480 5280 0.027810048228790674 20.59433312200913 0.11582397757042767 1.2458207584100550e-01 0.14308415866761157 0.18010808563573466   
481 5291 0.026678832538036372 19.806205208813154 0.11394289788521242 1.1394289788521242e-01 0.13427574478293117 0.16591304196166262   
482 5302 0.02553341681685346 20.136178753693773 0.10939358384684818 1.0939358384684818e-01 0.13093572380958513 0.16922470406990658   
483 5313 0.024564102612476536 19.92446476025652 0.10298280635077625 1.0298280635077625e-01 0.12808718016594542 0.16022044400805907   
484 5324 0.02382162216854623 20.81996490994821 0.10240907573923114 1.0240907573923114e-01 0.1280067536813011 0.15412666590472457   
485 5335 0.02402864402580611 21.22686237043465 0.09380041230143482 9.3800412301434821e-02 0.11385637225571027 0.12756716566131074   
486 5346 0.024078875025744868 21.603011155601784 0.09380041230143482 9.3821460582421232e-02 0.10016533908107705 0.12207192577855752   
487 5357 0.023928492711542567 21.73589720133384 0.08089563256624004 8.0895632566240036e-02 0.11061946873299387 0.1231987349692342   
488 5368 0.023464990668250613 22.608681675884363 0.07746462219562082 7.7464622195620822e-02 0.09622809320149378 0.104584173887456   
489 5379 0.024646731247480607 22.596596044698014 0.07574247023425551 7.5742470234255510e-02 0.09865067301923558 0.11185507975456757   
490 5390 0.02703731646990891 22.75774121500737 0.07509366694993519 7.5093666949935189e-02 0.0969747763975663 0.1110813698919506   
491 5401 0.026836739513651998 23.894478959163926 0.07509366694993519 7.8714288550323253e-02 0.09933319384376346 0.16187559295304516   
492 5412 0.027191506718784737 24.127338191737206 0.06052254764618592 6.0522547646185920e-02 0.09590148037424709 0.1204008150857136   
493 5423 0.027099383532497648 24.650656663817518 0.06052254764618592 6.9892574852014888e-02 0.08572901217118523 0.11643458995595507   
494 5434 0.025692218208855717 24.967774097940193 0.06052254764618592 6.3039663101768145e-02 0.08750714996902274 0.10168776594153943   
495 5445 0.023953559326609197 24.65491487865818 0.057347403876178975 5.7347403876178975e-02 0.07494887797941957 0.10152821189753514   
496 5456 0.023549842867437273 25.08564545494772 0.05390568734303072 5.3905687343030723e-02 0.07367206573490542 0.11033980938866783   
497 5467 0.0233365256683296 24.7384802794459 0.04894273401999937 4.8942734019999372e-02 0.06716360132522725 0.08567046039759174   
498 5478 0.022624699933523996 26.2822314857401 0.04894273401999937 5.0752715121305955e-02 0.0635367023594865 0.08607115773468688   
499 5489 0.02287473221444407 26.530041461100865 0.04531822593199865 4.5318225931998649e-02 0.057682678423232214 0.06833825982939441   
500 5500 0.025051557525591017 27.82395210313423 0.04531822593199865 4.6994719620468237e-02 0.06318131105042807 0.09908727841646266   
501 5511 0.024017086617548925 29.0459173069328 0.041106398796286234 4.1106398796286234e-02 0.0694092333215143 0.08976137528123501   
502 5522 0.022800601686512236 29.55201316472424 0.041106398796286234 4.3973695106573368e-02 0.05642580676624785 0.07480772346668227   
503 5533 0.02355384020814095 29.462256131254538 0.039437164307500716 3.9437164307500716e-02 0.051205433247800206 0.06640320646987691   
504 5544 0.023714317412372437 29.745423594368667 0.031142050477624333 3.1142050477624333e-02 0.054750237360733464 0.07809356490381317   
505 5555 0.024899677805373346 28.72822850731093 0.031142050477624333 3.2135507746906614e-02 0.04408212656263437 0.06096904159009793   
506 5566 0.024088322177051612 29.193147482126303 0.031142050477624333 3.1862830542245479e-02 0.042310817887249996 0.051365392195135695   
507 5577 0.02442599446452993 28.916412778848446 0.031041189911271652 3.1041189911271652e-02 0.04905205883174135 0.05625495088147121   
508 5588 0.022951346034181197 29.53586927656539 0.031041189911271652 3.1321421764769583e-02 0.038777323881510464 0.05360758581684501   
509 5599 0.02260512929203127 30.05638720909388 0.027011392071427 2.7011392071426998e-02 0.04121862504822456 0.0595780191010679   
510 5610 0.022495240842162038 31.0765009298645 0.020565788942105617 2.0565788942105617e-02 0.036508831262516195 0.05249245335247859   
511 5621 0.02247868327504021 32.39856534454953 0.020565788942105617 2.5112587344348562e-02 0.03264392709924252 0.051360045200279765   
512 5632 0.022254250529652124 33.342444254434305 0.020565788942105617 2.9813960003230972e-02 0.03188127272356321 0.04378126240126666   
513 5643 0.022021375612549576 33.05750673462372 0.020565788942105617 2.5308991065097378e-02 0.034406985269835974 0.058778092080932515   
514 5654 0.021508523063014044 33.23434459062849 0.020565788942105617 2.4866291486956710e-02 0.02963525860258153 0.04823505827525109   
515 5665 0.02182662166795603 32.77502865920637 0.020094357634321023 2.0094357634321023e-02 0.031817534024628134 0.04806642172165568   
516 5676 0.022073817965425572 33.51149179154504 0.020094357634321023 2.2047033140497919e-02 0.031234287657192317 0.05256705858897004   
517 5687 0.02070724868813508 33.419272628273376 0.014569582993555982 1.4569582993555982e-02 0.032308504778450195 0.048515491267450424   
518 5698 0.020588023102062085 34.19240551845361 0.014569582993555982 1.7355043354023898e-02 0.0206567660082561 0.03365054328024454   
519 5709 0.019758791997316213 35.65312367195116 0.01291550070905136 1.2915500709051359e-02 0.01970688145320527 0.030654724324170594   
520 5720 0.019024756212846775 34.06966741374938 0.01291550070905136 1.3048719110059295e-02 0.019223387665337814 0.02897945178029794   
521 5731 0.019318952846881 34.113209578716834 0.0089106662559673 8.9106662559673006e-03 0.016912734943694684 0.020910081754541163   
522 5742 0.020116080710852073 35.70284642499198 0.0089106662559673 1.3829426138715222e-02 0.015716838501634453 0.026907750863421964   
523 5753 0.01964398463336238 35.28119072216683 0.0089106662559673 1.3501865970158251e-02 0.01912840589963817 0.035830552746722734   
524 5764 0.018446756477203785 35.84215992820196 0.0089106662559673 1.1218131630380986e-02 0.016181392427175693 0.024934530940361334   
525 5775 0.01723672456910093 35.49666720571283 0.008605710850593236 8.6057108505932355e-03 0.013149950651807438 0.019671973678246708   
526 5786 0.01606729538251656 35.993806673014596 0.008216311174092866 8.2163111740928656e-03 0.013830102988826202 0.01839743089016167   
527 5797 0.015257376130589851 34.950500814022284 0.008216311174092866 9.2037580837343418e-03 0.014565078072705387 0.021670995862416546   
528 5808 0.014156293034241896 35.42202165969544 0.008216311174092866 1.0712109103322529e-02 0.013418026668333607 0.017994321187500988   
529 5819 0.012580563773128372 35.36017129460983 0.007054228256507332 7.0542282565073319e-03 0.012584734206781455 0.020814826990604926   
530 5830 0.01224885522411821 35.412233277254344 0.005529047269713565 5.5290472697135653e-03 0.009416203116003614 0.013429954400106869   
531 5841 0.01245346676339388 35.1996487604942 0.005529047269713565 5.5644463184294701e-03 0.007997283033491995 0.01090505345296242   
532 5852 0.012875260332975931 35.23919932504709 0.005529047269713565 5.5883233222531331e-03 0.007466488894951121 0.00884991613837608   
533 5863 0.01305965494784653 35.1349286339112 0.005529047269713565 5.5894979426624131e-03 0.007013768695759691 0.010639161893946328   
534 5874 0.013209837352647552 35.71486704250229 0.00493870432096396 4.9387043209639598e-03 0.006920205416047443 0.010259637382165206   
535 5885 0.012177489176135306 35.97632720154614 0.0043880210768840276 4.3880210768840276e-03 0.006662455003107408 0.009727542271372992   
536 5896 0.011881073702387421 36.08130656604015 0.002824597873444656 2.8245978734446559e-03 0.006034014152168452 0.008588223688642926   
537 5907 0.011310401903578089 36.736938230046285 0.002824597873444656 3.3577774524479517e-03 0.006408128929002515 0.008934902740987197   
538 5918 0.010431095842226384 37.28965512121279 0.002824597873444656 3.3113185363804112e-03 0.004899701829869717 0.0076059778555286495   
539 5929 0.009725023139875324 37.12290011842868 0.002824597873444656 3.4459025365268271e-03 0.004541157431972108 0.006825000989757994   
540 5940 0.009178580469146236 37.406913904136104 0.002824597873444656 3.3650297211387584e-03 0.004274973308534988 0.006520750227395836   
541 5951 0.008731482607698267 36.744638461834775 0.00250083620129436 2.5008362012943599e-03 0.004072324718736364 0.005827183055155704   
542 5962 0.008357273657670859 36.61064471684618 0.002321667173800437 2.3216671738004371e-03 0.003583954290181676 0.005563814470656427   
543 5973 0.008785041108714343 37.910080276935055 0.0018625327623241527 1.8625327623241527e-03 0.003354272333573257 0.005118727345138338   
544 5984 0.00906487887750525 40.47773525111843 0.0016668429169346992 1.6668429169346992e-03 0.0028706113236400942 0.00456751391381695   
545 5995 0.008560152862267604 40.45416583774075 0.0016668429169346992 2.0058017418441154e-03 0.003073279342616396 0.006555416786602462   
546 6006 0.008498994210314336 41.609740901490305 0.001436964210531669 1.4369642105316689e-03 0.002637963364097677 0.0038314394871565346   
547 6017 0.007700811336198281 43.02566839906684 0.001436964210531669 1.8249497326368203e-03 0.0024024241736328744 0.004552821737283613   
548 6028 0.007180119521651288 41.65060432611259 0.001436964210531669 1.6415990338259790e-03 0.00237461040433216 0.0034527347554069252   
549 6039 0.006775207647881913 41.103371776614644 0.001091638090166045 1.0916380901660450e-03 0.00191271198996014 0.002284285574861332   
550 6050 0.006790619688053936 41.42710441484541 0.001091638090166045 1.2321295037932278e-03 0.0018008761592988745 0.002803816184937404   
551 6061 0.006748676099648993 43.77291747992323 0.001091638090166045 1.1330162083601845e-03 0.0017450873294083615 0.0026565638006778754   
552 6072 0.006714602727833967 44.69345092664139 0.000679673385444536 6.7967338544453598e-04 0.001624010490526657 0.0029449026823003127   
553 6083 0.006669558681193591 46.7169908392474 0.000679673385444536 8.1486954847302586e-04 0.0014427629713126963 0.001887929284914513   
554 6094 0.00689029346591062 47.36385834679201 0.000679673385444536 6.8646440407131690e-04 0.00135351551591071 0.001781766667110968   
555 6105 0.006795821537384768 47.724075350160724 0.000679673385444536 6.9271484433310146e-04 0.0018443428988376578 0.0021894500534579133   
556 6116 0.006576564242317905 46.81775200540525 0.0006555413437209885 6.5554134372098846e-04 0.0012652858378675524 0.0034218253044212684   
557 6127 0.006627638117986504 48.172433888954124 0.000503414597856575 5.0341459785657500e-04 0.0009133153480853468 0.0016249601906575034   
558 6138 0.006613699723721647 48.097630334932774 0.00025227592850585564 2.5227592850585564e-04 0.0008758997500609081 0.0015148796651703348   
559 6149 0.006500065580796468 47.46732044876123 0.00025227592850585564 4.5069904527880733e-04 0.0009728341109096964 0.001474097819311272   
560 6160 0.006458576673559444 47.49558068580674 0.00025227592850585564 5.2021948373567699e-04 0.0008672107015845203 0.0019281691925511447   
561 6171 0.00603686176726388 49.140217712531104 0.00025227592850585564 4.5196325461493167e-04 0.0011534086109492836 0.0016295555970516345   
562 6182 0.005902531332634127 49.282688753035245 0.00025227592850585564 5.0866207557231512e-04 0.0009013141643396962 0.0020267807182382204   
563 6193 0.005621817467477801 49.89770217512332 0.00025227592850585564 5.2274148432758028e-04 0.0007701765017662304 0.0010876097337748955   
564 6204 0.005071236215304297 49.9230753606271 0.00025227592850585564 4.0334366939427055e-04 0.000724076908557256 0.0011284520552379   
565 6215 0.004659798115491406 49.796765902551144 0.00023434142345639907 2.3434142345639907e-04 0.0005758893506950923 0.0008973582635637346   
566 6226 0.004277024251600543 49.35121605657253 0.00016096495437326652 1.6096495437326652e-04 0.000498671224321361 0.0008273089247529041   
567 6237 0.003796365522255896 50.44371169465864 0.00014644454230032896 1.4644454230032896e-04 0.00036179829702403274 0.0005364026988838117   
568 6248 0.0034576762609416735 51.42250510527749 0.0001446506627066287 1.4465066270662869e-04 0.0002217046424682467 0.0006838399154187733   
569 6259 0.0033516936260239213 50.44823100753794 0.00014144669506799729 1.4144669506799729e-04 0.0002788312289406414 0.000584841983699651   
570 6270 0.003196893548548223 49.608462129902804 0.0001270683911315767 1.2706839113157671e-04 0.0002123558396063766 0.000371420494296596   
571 6281 0.003032370798636878 52.78253022347276 9.830098385588542e-05 9.8300983855885424e-05 0.00019243073865660664 0.0002882083895101612   
572 6292 0.0029266588389453567 53.455771367097995 9.183437730142165e-05 9.1834377301421648e-05 0.00018907257417153053 0.00027543244333797277   
573 6303 0.0027703339183233833 52.069449402815835 9.183437730142165e-05 9.8580118321207183e-05 0.00013716061079710438 0.0003016126083635244   
574 6314 0.0025521084831100767 54.206103228351324 7.695320644702162e-05 7.6953206447021621e-05 0.000113381939772316 0.00024224706037428097   
575 6325 0.0023364222995877547 54.07930608713184 7.070995127934593e-05 7.0709951279345935e-05 0.00011737850442502984 0.0002584967689657063   
576 6336 0.0020919503852508394 53.65907055425576 5.493656214729127e-05 5.4936562147291272e-05 0.00011079016362736834 0.0001706081055731451   
577 6347 0.001840079046318929 53.6994920127145 4.2189549889728674e-05 4.2189549889728674e-05 8.815351588529699e-05 0.00013864636424362894   
578 6358 0.0016606607897544656 54.622078300367114 4.2189549889728674e-05 4.9464903107703563e-05 8.393586889803473e-05 0.00010484002302205934   
579 6369 0.0016737904936372997 54.32747965630146 2.7566452854229447e-05 2.7566452854229447e-05 6.109839328252278e-05 9.373709894407304e-05   
580 6380 0.001611612412322934 53.47634355618642 2.7566452854229447e-05 4.5683545869790731e-05 6.343599034220265e-05 0.00015288496633054553   
581 6391 0.0016293101504771617 54.29922463774897 2.7566452854229447e-05 5.5689451501466790e-05 7.464309215586223e-05 0.00010040125201337896   
582 6402 0.0015159615645181865 53.39230626372709 2.7566452854229447e-05 3.5887231015544087e-05 8.110078597836409e-05 0.0001331174279303957   
583 6413 0.001448543280647171 53.13677892264742 2.7566452854229447e-05 2.8080806680215460e-05 6.086232455119215e-05 8.077899779005901e-05   
584 6424 0.0014420580769658963 53.08661825514847 2.7566452854229447e-05 3.3463658245282203e-05 4.7063027733695514e-05 6.472351381352462e-05   
585 6435 0.001421444641635026 54.209388876961405 2.7566452854229447e-05 3.1825426646974356e-05 4.767541415945919e-05 6.710995012959044e-05   
586 6446 0.0014980586502715792 54.545278474692985 1.1749198925953984e-05 1.1749198925953984e-05 3.434757274663056e-05 5.3802081432216924e-05   
587 6457 0.0015439215269812748 56.28159053220278 1.1749198925953984e-05 2.6504731810990989e-05 3.9607534160659256e-05 8.453831431739506e-05   
588 6468 0.0014529297251156946 57.12555846475955 1.1749198925953984e-05 1.5841820558357311e-05 4.222843733126308e-05 0.00010131071392354137   
589 6479 0.0014439085521222265 56.58150584153013 1.1749198925953984e-05 1.7342352723207654e-05 2.986296985809146e-05 5.524755904702403e-05   
590 6490 0.0013556629297896646 55.90808448920616 1.1749198925953984e-05 1.8921427996184030e-05 2.3741724686262224e-05 6.308917071437234e-05   
591 6501 0.0012889368488981578 57.76392104737878 1.103501265468253e-05 1.1035012654682530e-05 3.9189163127659e-05 5.303675514875651e-05   
592 6512 0.0012870734756311353 59.28503126494918 1.103501265468253e-05 1.3912689867390703e-05 2.2381181152171746e-05 5.1094730172649126e-05   
593 6523 0.0012033611961562306 58.50888616503492 1.103501265468253e-05 1.3940069944177220e-05 2.5187359118352336e-05 3.8852832805051226e-05   
594 6534 0.0011541980511555205 57.74320925326467 9.234001774936037e-06 9.2340017749360365e-06 1.9825268370528038e-05 3.949384139584376e-05   
595 6545 0.001100389954320969 58.56349640290429 9.234001774936037e-06 1.0910815927512124e-05 2.1931585068920182e-05 3.60871774941989e-05   
596 6556 0.0010492893526454503 57.83272168744734 8.370853481082918e-06 8.3708534810829176e-06 1.398534723059508e-05 2.5277719682129597e-05   
597 6567 0.0010239896883101668 57.738157563702636 4.945888765532897e-06 4.9458887655328974e-06 1.1327053023454192e-05 1.9234373272519108e-05   
598 6578 0.0009638520314982728 56.258969213070046 3.633368374810838e-06 3.6333683748108380e-06 1.1331567569471626e-05 2.329661944004902e-05   
599 6589 0.0008846216961833185 56.82453815192887 3.633368374810838e-06 4.2568288456386196e-06 6.944656578507838e-06 8.98550022514155e-06   
600 6600 0.0008293021299680893 57.57974679572869 2.0624184322548628e-06 2.0624184322548628e-06 1.074304772869917e-05 1.7165766061256326e-05   
601 6611 0.0007795011852705088 58.79182345419487 2.0624184322548628e-06 3.5694442351002698e-06 7.290608176046548e-06 1.402949486458822e-05   
602 6622 0.0007164269453590372 60.48531993708703 2.0624184322548628e-06 2.2573591625780170e-06 4.987085265247304e-06 8.928333534241641e-06   
603 6633 0.0006536315915268411 61.85569969945166 2.0624184322548628e-06 2.6581352163256527e-06 4.426924107806504e-06 6.641292448576639e-06   
604 6644 0.0005888612819564679 61.757780517216354 1.899594995733596e-06 1.8995949957335959e-06 3.3150253247338803e-06 9.259969439527036e-06   
605 6655 0.0005309554163722098 61.98882007559418 1.746463840511812e-06 1.7464638405118121e-06 2.940546425969237e-06 5.3557324443119815e-06   
606 6666 0.000467708090016775 61.51616875966454 1.2972816706041122e-06 1.2972816706041122e-06 3.188616053637977e-06 7.980169184984271e-06   
607 6677 0.0004126864699767804 60.35305328889462 1.1960101988705953e-06 1.1960101988705953e-06 2.2437613180509995e-06 8.113772254338465e-06   
608 6688 0.0003971023243585701 58.92151968156408 8.276084000846915e-07 8.2760840008469155e-07 1.5591346642252978e-06 2.5313082260735443e-06   
609 6699 0.0003673705679599552 59.31737914767826 8.150427146426421e-07 8.1504271464264207e-07 1.3248297641098144e-06 2.7142223876753895e-06   
610 6710 0.00035116933803705123 60.0658262118616 5.610972656601389e-07 5.6109726566013888e-07 1.4581336856088574e-06 2.3945124984333564e-06   
611 6721 0.00032147827840518897 60.284747329811395 5.610972656601389e-07 5.7457077004107943e-07 9.291477846090208e-07 1.4555042857655391e-06   
612 6732 0.00030380495852852036 60.4147996030618 4.7677593750845486e-07 4.7677593750845486e-07 8.484549987421761e-07 1.741199738122733e-06   
613 6743 0.00027583235574828364 61.497057500649355 4.5083389101018716e-07 4.5083389101018716e-07 1.38507847527441e-06 2.254206085375074e-06   
614 6754 0.000263259094762803 61.1936061168225 4.318634698882081e-07 4.3186346988820811e-07 7.806293239845262e-07 1.2194532081642808e-06   
615 6765 0.00024498720188606283 62.34157993307217 3.538925507777703e-07 3.5389255077777031e-07 6.435144529143147e-07 1.500246985138746e-06   
616 6776 0.00022250774438742327 64.37985819459644 1.7311317208250494e-07 1.7311317208250494e-07 5.675058587163609e-07 9.096053591350749e-07   
617 6787 0.0002013371360093751 64.79367148883155 1.7311317208250494e-07 2.4398711384051139e-07 3.966143087452695e-07 7.15578317176846e-07   
618 6798 0.00019048013328237595 66.94322761667812 1.7311317208250494e-07 2.3469635386990700e-07 3.5759606690864686e-07 6.996958904592717e-07   
619 6809 0.00017516470988289623 67.05523138255406 1.7311317208250494e-07 1.7879881352973453e-07 2.873017006530815e-07 4.402583323392331e-07   
620 6820 0.0001665209069959237 67.84276223060779 9.33642670436273e-08 9.3364267043627296e-08 3.5824415040638087e-07 5.764851751659785e-07   
621 6831 0.000162594442261879 69.52513697781473 9.33642670436273e-08 1.3140024329493132e-07 2.476544270286675e-07 6.111372224826586e-07   
622 6842 0.00015246912608850514 68.4947846978955 9.33642670436273e-08 1.1864196065238156e-07 2.3031759261120896e-07 3.888505590793174e-07   
623 6853 0.00013377686795644153 67.53005498076074 7.254151422681163e-08 7.2541514226811626e-08 1.8998501071230185e-07 4.207530261840078e-07   
624 6864 0.00013370175869489338 68.75478117718029 4.652627095645755e-08 4.6526270956457550e-08 1.4379985888694307e-07 2.3153473581014872e-07   
625 6875 0.00012344504919242018 67.74609154113564 3.3128394936846376e-08 3.3128394936846376e-08 1.4948302156196635e-07 2.129344386704226e-07   
626 6886 0.00012595354712949415 68.34944431186774 3.3128394936846376e-08 4.7089879760806970e-08 1.1678561697180445e-07 2.956727397835004e-07   
627 6897 0.0001243497202901206 68.01761310890306 3.3128394936846376e-08 8.1224457212127533e-08 1.1314435672867676e-07 2.1050538625015775e-07   
628 6908 0.00011716156264857697 69.06737282870745 3.3128394936846376e-08 6.3068091243602393e-08 1.1697621518261758e-07 2.1356146103075888e-07   
629 6919 0.00011302249948056347 70.42225107745519 3.3128394936846376e-08 4.9740037021917106e-08 1.49064709003191e-07 2.0031822552998214e-07   
630 6930 0.00010822084081713676 67.84452301132438 3.3128394936846376e-08 4.3752704708933959e-08 1.1404718589973294e-07 1.646484700175863e-07   
631 6941 0.00010297521670884105 66.87694138493423 3.3128394936846376e-08 3.9419159914733000e-08 8.860481863098039e-08 1.893028237055394e-07   
632 6952 9.934574418795345e-05 63.31244234026233 2.6473837437092966e-08 2.6473837437092966e-08 6.642634190180095e-08 1.1575882450242657e-07   
633 6963 9.44775977047407e-05 64.43289226842005 2.6473837437092966e-08 3.3455767406655403e-08 6.878831926439188e-08 1.1032769884852089e-07   
634 6974 8.9382648503897e-05 63.61390291283258 2.6473837437092966e-08 3.4995193527575181e-08 6.737051200021121e-08 1.466079459802929e-07   
635 6985 8.463833502381194e-05 62.946707662023705 1.686178073651084e-08 1.6861780736510839e-08 4.619298464026923e-08 1.1255537409203296e-07   
636 6996 8.231384752893074e-05 63.671798510031074 1.686178073651084e-08 2.3444430489959759e-08 3.596452508985578e-08 8.037021042408596e-08   
637 7007 7.908193086129199e-05 61.92527495968234 1.686178073651084e-08 2.9626502729923976e-08 4.113565540967341e-08 8.728239405790148e-08   
638 7018 7.60912576398968e-05 61.7973050301177 1.686178073651084e-08 4.0345090331313335e-08 5.4100987884186554e-08 8.686989899323516e-08   
639 7029 7.387946484103726e-05 62.317966887624834 1.686178073651084e-08 2.0672054418691458e-08 4.86010797101244e-08 6.083507507324528e-08   
640 7040 7.18474017251328e-05 62.38597825859068 1.686178073651084e-08 2.1967102608379426e-08 3.999473710556721e-08 7.707473524411012e-08   
641 7051 7.007943926331884e-05 63.69480029824529 1.686178073651084e-08 2.0012797252349167e-08 3.0798084188139056e-08 7.771747479171868e-08   
642 7062 6.216331733241128e-05 66.3872320975488 1.590938559374134e-08 1.5909385593741341e-08 4.082234935264024e-08 5.740673730371191e-08   
643 7073 5.6638570578013584e-05 67.67323596116333 1.2851120265125944e-08 1.2851120265125944e-08 2.405870718154281e-08 5.621497202698992e-08   
644 7084 5.378281130787208e-05 67.76248936075439 7.112916537574608e-09 7.1129165375746078e-09 2.0941571545238095e-08 3.186767107222541e-08   
645 7095 4.9687340297175984e-05 66.74345516912616 7.112916537574608e-09 9.3031194784988072e-09 1.962293004258843e-08 2.5554660101643534e-08   
646 7106 4.705859221731145e-05 67.84475699977541 7.098534589555737e-09 7.0985345895557373e-09 1.495017518299246e-08 1.832022957248616e-08   
647 7117 4.4548283434513647e-05 68.02867038362244 6.968556520277218e-09 6.9685565202772180e-09 1.660698387607917e-08 2.5794004252029916e-08   
648 7128 4.243446375130471e-05 66.31985879558648 6.019583347366706e-09 6.0195833473667059e-09 1.2946073720001514e-08 1.9321321108418928e-08   
649 7139 3.972547444960015e-05 66.31678634058237 4.9328006775583315e-09 4.9328006775583315e-09 1.1153087995450213e-08 1.4555580078245176e-08   
650 7150 3.7972851669190367e-05 66.6585802446477 2.4670122756836317e-09 2.4670122756836317e-09 7.95880939491236e-09 1.4886345608147628e-08   
651 7161 3.8448274949200345e-05 66.3012102513327 1.5277660354647092e-09 1.5277660354647092e-09 6.02105673800234e-09 1.6072774341431677e-08   
652 7172 3.5541312344931905e-05 64.64963677715018 1.5277660354647092e-09 2.4532333300530346e-09 5.0187175038724355e-09 1.2672950314919443e-08   
653 7183 3.203986830346781e-05 63.445366488064174 1.5277660354647092e-09 2.9400800488223815e-09 4.687162571198756e-09 1.1336508067857088e-08   
654 7194 2.974700130577211e-05 63.92064930668687 1.5277660354647092e-09 1.8091177363871856e-09 4.747004468349207e-09 7.359959541745017e-09   
655 7205 2.7402505151123208e-05 64.39867931030439 1.5277660354647092e-09 1.8892048668813269e-09 2.7992328079077926e-09 8.709518342721333e-09   
656 7216 2.4479593838869057e-05 66.64818745649475 1.1081823941195308e-09 1.1081823941195308e-09 2.482617447473957e-09 6.686327808850179e-09   
657 7227 2.4264558295782086e-05 66.26945420893041 1.0902822240344837e-09 1.0902822240344837e-09 2.8543910374349412e-09 4.815556086280105e-09   
658 7238 2.3676564253512666e-05 69.62179047132669 1.0902822240344837e-09 1.5392724351460085e-09 3.4174226369796717e-09 5.802638726276096e-09   
659 7249 2.262318776775178e-05 68.67699942615172 1.0902822240344837e-09 1.7109728033643270e-09 2.8034379205278213e-09 8.453137167246947e-09   
660 7260 2.204693496462458e-05 69.16323860315242 1.0902822240344837e-09 1.2581967380570843e-09 2.5728221141644548e-09 4.85641779728526e-09   
661 7271 2.1093403924281873e-05 67.08829814967196 1.0902822240344837e-09 1.1777838827537926e-09 1.9982030657392926e-09 4.0195714837088595e-09   
662 7282 2.0034653622772885e-05 66.58317328908507 1.0902822240344837e-09 1.1306838191307073e-09 2.5777057598362256e-09 3.53512556651049e-09   
663 7293 1.9948840338003348e-05 69.24274249591002 1.0118311204435982e-09 1.0118311204435982e-09 2.4104303471081046e-09 3.977232190637173e-09   
664 7304 1.7985394319452126e-05 67.1153614271517 7.994695310832356e-10 7.9946953108323562e-10 1.6776322958944777e-09 3.5412730007107357e-09   
665 7315 1.6939331871276582e-05 71.92100018412053 7.685289011178015e-10 7.6852890111780152e-10 1.4461036783983166e-09 1.7936735503559225e-09   
666 7326 1.559964981763331e-05 72.90809681764964 5.115875666541522e-10 5.1158756665415215e-10 8.973715394387609e-10 1.4473867481348683e-09   
667 7337 1.4370364340922644e-05 70.52658260773806 5.115875666541522e-10 6.5401137224341091e-10 1.028538477924889e-09 1.563511894279452e-09   
668 7348 1.3535234924305053e-05 72.43150762136163 5.115875666541522e-10 6.2205548072233831e-10 9.195653882587698e-10 1.765723817802007e-09   
669 7359 1.2327585097355263e-05 71.81456604471167 4.5514534708221995e-10 4.5514534708221995e-10 9.64080457425339e-10 1.8369875265899676e-09   
670 7370 1.1358384775923299e-05 72.26779999732356 4.5514534708221995e-10 4.9627716285430668e-10 6.807721443731553e-10 1.1372519434131403e-09   
671 7381 1.0675618865063318e-05 72.84841102724337 2.518623529486391e-10 2.5186235294863912e-10 8.302781057817864e-10 1.4498913705558043e-09   
672 7392 9.681695849721552e-06 71.70479077927956 2.518623529486391e-10 4.0623283116982627e-10 6.28698407325879e-10 1.281117260120014e-09   
673 7403 8.430751499670077e-06 71.76081531874907 2.518623529486391e-10 3.2033786963737154e-10 3.9889778034329756e-10 6.693640913519002e-10   
674 7414 7.648255462686473e-06 72.01164144946698 2.1404181073385036e-10 2.1404181073385036e-10 3.658553665589741e-10 5.641721675452155e-10   
675 7425 7.336836268388818e-06 72.59703241492035 1.0393296728723053e-10 1.0393296728723053e-10 3.28175137782882e-10 4.3475056395566623e-10   
676 7436 7.234482524493914e-06 73.52667823557091 1.0393296728723053e-10 1.0639336994316092e-10 2.1065890719042734e-10 3.849961011038537e-10   
677 7447 7.1259845795387605e-06 71.88719751828775 1.9649044186905368e-11 1.9649044186905368e-11 1.9376927930510128e-10 5.972319075887064e-10   
678 7458 7.255143809464334e-06 71.41297784792069 1.9649044186905368e-11 8.1678391119907175e-11 1.689335458005885e-10 2.771340311944574e-10   
679 7469 6.6509890704387545e-06 69.72164742228294 1.9649044186905368e-11 4.6746134434451243e-11 1.8829831745559486e-10 2.9350224613994235e-10   
680 7480 5.921306284942928e-06 67.22509992694226 1.9649044186905368e-11 1.0422614374706882e-10 1.4967043295334698e-10 2.8730265522653806e-10   
681 7491 5.447777984784732e-06 66.4975494147589 1.9649044186905368e-11 6.5700138887190374e-11 1.3120073595339624e-10 2.986435443745991e-10   
682 7502 5.274688324099839e-06 68.21113034109355 1.9649044186905368e-11 5.4009988390123563e-11 8.216785656570844e-11 1.4590196356686849e-10   
683 7513 4.965813666896981e-06 66.49477467120428 1.9649044186905368e-11 4.7925644652545707e-11 1.0856942142616977e-10 2.6678331993837503e-10   
684 7524 4.546689766771837e-06 68.69237470394606 1.9649044186905368e-11 5.7987812644544311e-11 9.054810104551304e-11 1.5075600241274496e-10   
685 7535 4.117900044022798e-06 68.32985737812612 1.9649044186905368e-11 1.9716036209638180e-11 5.446193405510433e-11 9.523144541304857e-11   
686 7546 3.6730386813604645e-06 68.57028505167051 1.9233682808115324e-11 1.9233682808115324e-11 5.382099247896746e-11 8.758077339420679e-11   
687 7557 3.3633418065874553e-06 67.87026984001152 1.727386766686447e-11 1.7273867666864472e-11 4.031736423933597e-11 1.126954864898752e-10   
688 7568 3.17834696254411e-06 69.62031275992469 1.3955160157967094e-11 1.3955160157967094e-11 4.2892293310110295e-11 5.6175006898887355e-11   
689 7579 3.0563698964138693e-06 70.28782992943181 1.3955160157967094e-11 1.7668688408200078e-11 4.403976327172562e-11 8.885235650534387e-11   
690 7590 2.8382177018058484e-06 69.50209926359265 1.3955160157967094e-11 1.7367736017215233e-11 3.35105608388274e-11 5.5275476558104706e-11   
691 7601 2.802044464430581e-06 68.53896870034953 1.1722878426556706e-11 1.1722878426556706e-11 2.292752400881038e-11 3.2722589776634655e-11   
692 7612 2.603497406838768e-06 65.66047518247208 1.1722878426556706e-11 1.4351952868137028e-11 2.1525270302549744e-11 4.0521488860387454e-11   
693 7623 2.3913561919208067e-06 65.45995166284767 1.1722878426556706e-11 1.4839356401324007e-11 2.969722977166911e-11 4.264170482541939e-11   
694 7634 2.313363335120466e-06 67.19839555318552 1.01693763660881e-11 1.0169376366088100e-11 1.6887329115428753e-11 2.9329883798271355e-11   
695 7645 2.164577382236158e-06 67.05667067033608 6.958350056488687e-12 6.9583500564886868e-12 1.7161675268866673e-11 4.538161064954259e-11   
696 7656 1.9873452688728335e-06 68.21869209279498 6.958350056488687e-12 1.0215221575901698e-11 1.3704929095641786e-11 2.7794702979519146e-11   
697 7667 1.8398342230578908e-06 68.67892740869529 6.958350056488687e-12 7.1075469791161358e-12 1.4538953584355219e-11 2.1085212202866957e-11   
698 7678 1.7612270301866475e-06 67.81755528460654 4.7742684461576785e-12 4.7742684461576785e-12 8.106410752799678e-12 1.7667729366710804e-11   
699 7689 1.7119887174531916e-06 68.07585001884084 1.5433319644135947e-12 1.5433319644135947e-12 8.854673194814865e-12 1.174642923906599e-11   
700 7700 1.5496883667657033e-06 68.0530250028924 1.5433319644135947e-12 1.8916252599664837e-12 6.572411555020231e-12 1.3186982185507912e-11   
701 7711 1.409244057592193e-06 69.00278213664578 1.5433319644135947e-12 3.6289402627179486e-12 4.778122503190681e-12 6.740845164022591e-12   
702 7722 1.2525440513250903e-06 70.49547864150662 1.5433319644135947e-12 1.6523656176392443e-12 5.501418891022675e-12 1.0986643666961996e-11   
703 7733 1.1630321087011975e-06 70.60042055705065 1.5433319644135947e-12 2.2456611923246273e-12 4.684051132814832e-12 6.9367096166465344e-12   
704 7744 1.0643111447273528e-06 69.9380820896834 1.5433319644135947e-12 2.0361953051060077e-12 3.174281858943002e-12 5.6478232176232105e-12   
705 7755 9.84301807943863e-07 70.90657384576876 1.5433319644135947e-12 1.8699772516845631e-12 4.043253790363104e-12 5.293983458116459e-12   
706 7766 9.185202126197483e-07 72.31160208914622 1.3344793539465258e-12 1.3344793539465258e-12 2.6637610359390433e-12 4.464673998422429e-12   
707 7777 8.284641460313338e-07 72.61182964536818 6.649568709236262e-13 6.6495687092362621e-13 2.9810714398423157e-12 5.488086330388842e-12   
708 7788 7.393257385055341e-07 71.30655343847799 6.649568709236262e-13 7.2739520744160120e-13 1.641908081476548e-12 3.694693765542639e-12   
709 7799 6.721597441826726e-07 72.08914452682424 6.280019057046632e-13 6.2800190570466325e-13 1.1072721072883225e-12 2.484516344848307e-12   
710 7810 6.236671768726383e-07 70.6283664753081 6.250689166370277e-13 6.2506891663702767e-13 1.2360004691476887e-12 2.4525132199614614e-12   
711 7821 6.225874272184541e-07 70.19727450653733 6.250689166370277e-13 7.2248633501269747e-13 1.2234745543505242e-12 1.8913985565477426e-12   
712 7832 6.250684703392604e-07 71.76762816773856 5.288722288381868e-13 5.2887222883818683e-13 9.578205380619238e-13 1.6027835291402292e-12   
713 7843 5.98924286750237e-07 72.80005581955415 4.816090835707576e-13 4.8160908357075758e-13 9.16852411272609e-13 2.27353361995902e-12   
714 7854 5.782589339573493e-07 74.51999726722741 4.3447439178519227e-13 4.3447439178519227e-13 8.976410091267646e-13 1.425402345546792e-12   
715 7865 5.484412985549942e-07 72.69966203674569 3.891656133263193e-13 3.8916561332631929e-13 6.802350318423174e-13 1.802076156958552e-12   
716 7876 5.189663925695917e-07 73.5505141837545 1.860119081835566e-13 1.8601190818355659e-13 6.446119541681506e-13 8.118282679016347e-13   
717 7887 4.70721768671529e-07 74.75632602007886 1.860119081835566e-13 2.5072723190247082e-13 5.299031767184881e-13 8.32473637591112e-13   
718 7898 4.3648581143576426e-07 75.66608988280254 1.860119081835566e-13 3.7541645733957524e-13 4.824948143545533e-13 1.011299620725191e-12   
719 7909 4.295148865620329e-07 75.40225189508323 1.860119081835566e-13 2.2246027572657429e-13 3.878437476660025e-13 6.004333044697069e-13   
720 7920 4.242411345631824e-07 75.05798994222918 1.1524474352358772e-13 1.1524474352358772e-13 5.105964006112152e-13 9.313721740254212e-13   
721 7931 4.01977664933424e-07 74.7511876423213 1.1232583072779157e-13 1.1232583072779157e-13 3.9894703592387513e-13 5.551288198323862e-13   
722 7942 3.5995293899529813e-07 75.07512389269546 1.1232583072779157e-13 1.9750904209654193e-13 3.2910396681367757e-13 4.574690815851347e-13   
723 7953 3.372458617839538e-07 77.21171891087421 1.1232583072779157e-13 1.4208482801815213e-13 1.9793235244658047e-13 4.260665750438199e-13   
724 7964 3.0358005648782635e-07 78.17098473306083 4.7167520322019706e-14 4.7167520322019706e-14 1.9579029947255471e-13 3.6237441507893586e-13   
725 7975 2.779553771934513e-07 78.11370903708963 4.7167520322019706e-14 1.0133234626220788e-13 1.6865737408999592e-13 2.8627543881732674e-13   
726 7986 2.6799201316067834e-07 77.44006995747071 4.7167520322019706e-14 1.0180329197899250e-13 1.385828684103591e-13 2.0978761769810818e-13   
727 7997 2.543217279711006e-07 78.79523850656601 4.7167520322019706e-14 1.1866256439371257e-13 1.5978481773234066e-13 4.1337770203563377e-13   
728 8008 2.3570370935349507e-07 80.36418238465299 4.1055404285957e-14 4.1055404285957002e-14 1.1327852038348019e-13 2.7508369197152916e-13   
729 8019 2.3066991279932806e-07 79.75758353699254 4.1055404285957e-14 5.8611305871487535e-14 7.61141213151074e-14 1.3552745630929427e-13   
730 8030 2.2066760143181846e-07 80.33609143730195 4.1055404285957e-14 5.6840790294216123e-14 1.0247868074231894e-13 1.6256742902337304e-13   
731 8041 2.0732933952453844e-07 82.29763081946972 3.081948808420222e-14 3.0819488084202223e-14 6.398157873494794e-14 1.571418108845969e-13   
732 8052 1.950281744939558e-07 82.37157719193296 1.996476881063373e-14 1.9964768810633729e-14 6.610660484706515e-14 9.787223292630844e-14   
733 8063 1.766148174825634e-07 83.68943345212077 1.996476881063373e-14 4.0333318683398147e-14 7.52218164148405e-14 1.3469810830874474e-13   
734 8074 1.6847390192736123e-07 82.9145655954049 1.996476881063373e-14 2.4911695779294997e-14 4.072149409148017e-14 1.4323487765742773e-13   
735 8085 1.5875339115127514e-07 83.8426808905778 1.996476881063373e-14 2.1103349888817508e-14 5.515794265877417e-14 7.664159396320332e-14   
736 8096 1.4686263542630677e-07 83.04492109233453 1.996476881063373e-14 2.5304719228421061e-14 4.502312582465909e-14 1.0193134110947719e-13   
737 8107 1.378768923004334e-07 82.59522580908784 1.9560170381544093e-14 1.9560170381544093e-14 3.9912410164348995e-14 9.647735786660876e-14   
738 8118 1.2924936230714525e-07 81.93815182277095 1.45808152605798e-14 1.4580815260579801e-14 2.529283226435884e-14 6.033934073216493e-14   
