% # columns="iteration, evaluation, sigma, void, void,  stds==sigma*sqrt(diag(C))", seed=56374, Thu Jul 25 12:03:47 2019, <python>{}</python>
1 10 0.4783102776646721 0 0 0.4728687252327504 0.46327026148356343 0.4784588572550641 0.479215268185294 0.4842910072230763 0.4937858432505517 0.4702290557086573 0.4790363643540418 0.4705521344549381 0.47234300151228287
2 20 0.4390409893332779 0 0 0.4392652086398811 0.419229745590033 0.4330928022187797 0.4413377634910613 0.4350249805389151 0.4580264540704333 0.4397793094738971 0.43392966241547476 0.43268302233539147 0.4184530427274047
3 30 0.408609985745645 0 0 0.4041517886081663 0.38304885984420933 0.39701156907039675 0.4207418795376504 0.40886901407052506 0.4240630425958207 0.40931172792202986 0.40843659182526254 0.39419486311148305 0.36777777909061754
4 40 0.4227333086086735 0 0 0.41622426473309204 0.440040018520217 0.412287890968845 0.43684237852424346 0.4258002505724635 0.45101989068356463 0.41142162387719133 0.41738456144354075 0.3936541157912743 0.3726999353249589
5 50 0.40407025997084517 0 0 0.39541224677773096 0.41728331590361406 0.4064356561351221 0.42425937358242777 0.40727429052515524 0.42704100094389646 0.39779680604517476 0.39087362731596503 0.36968321174979624 0.33453675546208644
6 60 0.384893287967286 0 0 0.37504254607462423 0.40018300155489445 0.3915674404661622 0.3934192220521584 0.3852884390845717 0.4110730455320446 0.37047391815936725 0.3705268779038015 0.3394362977050368 0.3138516648399333
7 70 0.3711406701831469 0 0 0.3611060741238721 0.3819260487228401 0.3822119486944117 0.3821582600758564 0.37087318177064366 0.3956772909581966 0.35633284340244953 0.3493038303523311 0.326796443608106 0.29223123626687747
8 80 0.3572794372746578 0 0 0.3491871205094514 0.36280152173828717 0.3699129974422536 0.3584715086856765 0.3538289879165531 0.37810030657179894 0.3424995273054152 0.3436306833991906 0.3095648915015825 0.27233828896412576
9 90 0.34162924592984073 0 0 0.33046717330823466 0.3407529074129258 0.34954902804943916 0.3410516864686549 0.3281751114641164 0.37187742723459505 0.32831496812529964 0.32526573534789105 0.29573909030931367 0.2526743726061295
10 100 0.30929306358037484 0 0 0.30214571372488547 0.308490578839259 0.31114963312073746 0.30482532723559774 0.29693928003966463 0.33495592849048816 0.29569512357396943 0.286961484207661 0.2652851047213598 0.2200795309366671
11 110 0.30675804885694813 0 0 0.3160939188025513 0.30740012824410096 0.3065814398220758 0.30049232471616405 0.2876212661327471 0.3416078254933568 0.29707233195752164 0.2814801611857575 0.2512726296617755 0.20841273141377073
12 120 0.2863523243026126 0 0 0.2921144790600233 0.2868343703451241 0.2985651394275276 0.27890649825132996 0.265512989086104 0.3282813417317472 0.2756397144827707 0.26311410819181213 0.22474033547676708 0.19139526288983294
13 130 0.25871501685457854 0 0 0.2653741265356929 0.2599103355577799 0.26964042544734246 0.24785369646290065 0.23765144605623406 0.2994275516845219 0.25164466382013073 0.23674578345076386 0.1991142159657657 0.16590379153932858
14 140 0.2501867335815414 0 0 0.262136033403154 0.2531567447581678 0.2618851765921828 0.23670735733653364 0.2271885736942295 0.2913502007006507 0.24958949672030406 0.22048592011880183 0.18303107095109636 0.15741561957021172
15 150 0.24329614365665805 0 0 0.25688962730613185 0.24677677054639607 0.25654783846247664 0.22853372730350294 0.2245364309048289 0.2774216719513487 0.24456611716525659 0.21434724664325125 0.17768907000194822 0.14417338195449675
16 160 0.2389054275855752 0 0 0.2480117581361399 0.24326772123242088 0.2488548347601506 0.22266473198865083 0.22464774188324088 0.2712792777580463 0.24225642796189237 0.2116510253697021 0.1750685446041276 0.13576428971261953
17 170 0.22024241730720093 0 0 0.22965846750265423 0.22412193270750277 0.23131895960515267 0.20248901771466463 0.2018128985299538 0.24456962629621376 0.22159915117259243 0.19074395986712134 0.15837132458235198 0.12369851714049507
18 180 0.2096804360656584 0 0 0.22066643671102426 0.2139024469573272 0.22022409756554365 0.19574033035047916 0.19534072664097396 0.2312042617880821 0.20568301612993672 0.18367991051183563 0.14419423274460394 0.11286892550724074
19 190 0.1927544736445038 0 0 0.2044715357262782 0.19945507315402247 0.20112529227729672 0.17479136582853366 0.18392346672829535 0.21217201574968794 0.19307804867946107 0.16649991867395006 0.12769183376413626 0.10140743941477062
20 200 0.16741451909050595 0 0 0.18402484209517386 0.17015739653664813 0.17557864305171392 0.1502205040136647 0.15797876525508645 0.18418348363678733 0.16376534427429917 0.14428829611612248 0.1069481158517341 0.08314392557203812
21 210 0.149548886145292 0 0 0.15842041790584796 0.15225996546248724 0.16000711092431186 0.13787116171953934 0.13969051183122924 0.16214338794110292 0.14619326554462422 0.12715542586402734 0.09250083196068096 0.0717145272462456
22 220 0.141690570819516 0 0 0.1473347479553228 0.14085467168165627 0.148896819794892 0.13247872889815845 0.12922003353088946 0.15514950801667618 0.13941259836149744 0.12213804073711647 0.0868656006962061 0.06539856473376113
23 230 0.1411206777205259 0 0 0.14675839938787355 0.14305412577511228 0.14859368440191933 0.13385829325914214 0.1286099495936453 0.1545705765920377 0.14535820487516116 0.11805092465189741 0.08393827628277072 0.06366456385853232
24 240 0.14066739041135612 0 0 0.14715269315130242 0.14223593070075982 0.14591439042541432 0.13702738991346017 0.12734743803311438 0.1505617995370318 0.14532559311388116 0.11737701094833457 0.08157872505991481 0.06165985644007237
25 250 0.13449379836473105 0 0 0.140992492406027 0.13092442865027976 0.13965942479431492 0.1309322310941464 0.12072330074027768 0.14305547480256234 0.1408739054891754 0.10916244351967544 0.07738787277876011 0.05813345365950532
26 260 0.11919524901575526 0 0 0.1252527409334538 0.11808960368471608 0.1243732496090827 0.11447780502071245 0.10932710831211018 0.12765271807340944 0.12471240635789663 0.09185920408642445 0.06533213891081903 0.05131896046092154
27 270 0.1152070788722893 0 0 0.12164049567306358 0.11565562786259552 0.11670480148916021 0.10977231139570719 0.10576847466109807 0.1212823242130975 0.12229572589476934 0.0857049551722113 0.0606317274557592 0.049653533233473705
28 280 0.11316905248210339 0 0 0.11891589160116509 0.11728358909178152 0.11435967689528236 0.10520679802445415 0.10546568806130921 0.12304743668337094 0.1194228242681153 0.08267107942262318 0.05821610146465308 0.04841391465351643
29 290 0.11857340041196239 0 0 0.12311771797693681 0.12660707912107572 0.11973615481279704 0.11288165344963016 0.11692246790049875 0.13093005201698757 0.12069562365783056 0.08608377312397025 0.06062468212352906 0.049834064658697136
30 300 0.11871035123338701 0 0 0.12326439329547564 0.1285776001163516 0.11932651733757042 0.11212403120580924 0.1201521790832991 0.1304496807399213 0.11684404810885149 0.08581871803561554 0.05966602033214968 0.048790207576517745
31 310 0.12073759240952249 0 0 0.12769450358651016 0.13294058529524883 0.12457232629304725 0.11419550393526526 0.12227935637419252 0.13278184253076317 0.1179863988052576 0.08672934856322422 0.05962941169144927 0.04639118096249376
32 320 0.12141042301869663 0 0 0.12994871990319737 0.13007348113677392 0.12692440506696448 0.11504537448589273 0.12595024146073144 0.13105374852803367 0.11896231026673423 0.08569736432475684 0.05948214585294686 0.04390314221223428
33 330 0.11589982616062378 0 0 0.1239135874396019 0.12337086726925171 0.12139173992899989 0.10857066746176634 0.1230783466523097 0.12212326410068862 0.1123736780798829 0.0807258779109142 0.05539113229966071 0.04050077089466106
34 340 0.10529820869154005 0 0 0.11353327801602385 0.11357796828883898 0.10914231367224682 0.09923130121958136 0.11185979967478986 0.11092481158741431 0.09880734635702715 0.07241777082880045 0.0493536402405124 0.035055417453363366
35 350 0.09502770434986375 0 0 0.10298894400997143 0.1013153354711454 0.10000876248760662 0.08880714994882404 0.10198573699946246 0.09620529396434403 0.08827637057767784 0.06518481305734582 0.0437817793878448 0.030120052412236642
36 360 0.08680489668839676 0 0 0.09365432757299787 0.09346883985547247 0.08891935547182092 0.08027099645545692 0.09264947690684909 0.08740265670454904 0.08016619435041898 0.05853382972633665 0.03836198855255678 0.02741884904897623
37 370 0.07691825737457304 0 0 0.08333301618153341 0.08315222906506853 0.07866485921262582 0.07246285229040546 0.0813383269822146 0.07718328371286315 0.07130597869735471 0.049590779833794375 0.032650014018947314 0.02425158332926082
38 380 0.0726101288898497 0 0 0.0792651127968737 0.08129650375994897 0.07501397042694159 0.06802010662447946 0.07658070787990849 0.0731774820904733 0.06552236550642813 0.04583095907401576 0.030253581242418216 0.022586400680828664
39 390 0.0660517205061548 0 0 0.07162680624177444 0.07660100898111585 0.0710554490423738 0.061402499674445575 0.06895247729201577 0.06710486007314459 0.057620747834422566 0.04151551798406259 0.027435872658556137 0.019352555938683128
40 400 0.06254565580379153 0 0 0.06860781158250552 0.07270732119986574 0.06758401678661942 0.057550564998929424 0.06513503676997963 0.06289864535039214 0.053666237960461445 0.03870135152845488 0.02619031813604649 0.018035712733730995
41 410 0.061061009208162126 0 0 0.06743200560855968 0.07097177824998203 0.06644339171037073 0.05586400021445731 0.06365155615477774 0.061158469437477346 0.05273456227412892 0.03666970847775257 0.024751203043160964 0.017633212246364383
42 420 0.06122609636707823 0 0 0.06767901361549356 0.07200750088025265 0.06686907948093776 0.05757513106749343 0.062480954775545536 0.061918526865581705 0.05196763459094069 0.03603653229081765 0.023851512045912984 0.01749287186616007
43 430 0.056887013095572744 0 0 0.06302378389801767 0.06664040113998217 0.06180080667828705 0.053616154785021894 0.05741266109910749 0.05651655083408188 0.048143666763855314 0.0333520147641923 0.02089084916742545 0.015879998424143393
44 440 0.050993892534583765 0 0 0.05673381114843506 0.059082866007333486 0.05555756606170593 0.045800721888454 0.05159735554855893 0.049612719774875996 0.04331965516225577 0.028485284821834277 0.01877532866211401 0.013721450389728796
45 450 0.052168303574866175 0 0 0.057603037301137756 0.05944836169623174 0.056450154819908636 0.04867109601108522 0.05261980217827058 0.0503526353164399 0.044296395002805224 0.029914671643232853 0.018801218481987948 0.013582652930590298
46 460 0.05235733150192138 0 0 0.05909042480511805 0.057756222320985054 0.056238762361073794 0.05119733890039109 0.05296570668229634 0.051254889266604285 0.04407103865576539 0.029485166034603265 0.01893704462667571 0.013317947289470812
47 470 0.04636798813334813 0 0 0.0506899860465497 0.05110468069586075 0.04880150150797462 0.045085316843315314 0.046930387061903396 0.04462045378480914 0.03952094711713304 0.024584255538931236 0.016420425500020066 0.011785070586075601
48 480 0.04244820914654351 0 0 0.04615185314149956 0.04573215353103033 0.04469546351717855 0.041660107084215185 0.04280272699533714 0.04087940298051001 0.034818861397963245 0.021652048765789078 0.014964007273585737 0.010740365133470486
49 490 0.04048459298770895 0 0 0.04626139057489073 0.04378271631169806 0.04268499467330373 0.03930445905775956 0.04025163412345941 0.03863005216034078 0.03337008334918849 0.020802960769966523 0.014205108586032598 0.009899906322751487
50 500 0.04036700750458048 0 0 0.046659665262874114 0.0429149670910501 0.04311077871096422 0.03875955390644869 0.03960898451684224 0.03880116479951223 0.032878468484735184 0.02072844499678624 0.014099945092857532 0.00940313252715214
51 510 0.04071403626505482 0 0 0.04672820791298064 0.04434229248775139 0.0457749280215972 0.039128314667417396 0.039719657406329004 0.03946842159380762 0.03278612565792925 0.019925170964614432 0.0141296570911625 0.009313577299757075
52 520 0.04451797603400328 0 0 0.05096666939871162 0.04841476469216177 0.05535108094205719 0.04305229235625161 0.04297107895927826 0.043121627072271886 0.035738647379086295 0.022122752908458724 0.015249884750564512 0.009751924008687279
53 530 0.0468149876566239 0 0 0.053945566283170876 0.051030232461983634 0.0621141953678647 0.04637180672670012 0.04362903540367689 0.0452401881356908 0.036582058070793136 0.0232843997996232 0.015351812304412826 0.010019248886343169
54 540 0.05063969941548581 0 0 0.061145752370376345 0.05533970471795751 0.07025393936942191 0.049893967589109474 0.04727008125140696 0.04855860897532809 0.03836703349791108 0.024780595016286912 0.0162498273339067 0.010980703758323865
55 550 0.051690367006439975 0 0 0.06188716947968106 0.05530182781183121 0.07202334962869068 0.054517254194555984 0.04671932601691122 0.04895728274773556 0.03844903622774812 0.024693886461244093 0.016476647738004835 0.011086230260690244
56 560 0.05123221216889466 0 0 0.06016727026632436 0.05504250369813406 0.0708018537159959 0.055218600171163416 0.04658097376411637 0.04910904138341189 0.036738486191728766 0.02398152751484196 0.016192533238854837 0.011005852694905035
57 570 0.052154589207457344 0 0 0.06086627729087796 0.0554427567317607 0.07081032372239021 0.055818673676257334 0.047330114069888116 0.049243674517986114 0.036907038269193754 0.024243090593081617 0.016422863070686713 0.011170667046704831
58 580 0.05432424923024557 0 0 0.0636266596064935 0.05694626437441697 0.07360081903257967 0.05902183353967754 0.04966552230206575 0.04981058461823234 0.03848285673491938 0.025058586793467907 0.0169583189006854 0.011280194060042511
59 590 0.060352852303544625 0 0 0.07131719617613917 0.0619863965725535 0.08703513915745417 0.06905075180724793 0.054926850641770546 0.05604677404419239 0.04303706074936017 0.027441676001980695 0.018578036785420318 0.012405899290913442
60 600 0.0614389895726505 0 0 0.07313213298244524 0.06141546430028813 0.08844822375707947 0.06994219519374814 0.056813623882976415 0.05621932462537187 0.04398119346323116 0.02760710988279518 0.01838460767377515 0.012496279259807952
61 610 0.061702528372013885 0 0 0.07579378777453456 0.06254852580974253 0.0874033693073201 0.06826251984185394 0.05721744210006516 0.05660797965966196 0.04338537763241611 0.026610019926197943 0.018178057288988355 0.012760486768430628
62 620 0.060434336512021354 0 0 0.07493953940794197 0.061166466352365945 0.08682713639040622 0.06561170461087092 0.056640594753061664 0.05393359704689753 0.04200502617609124 0.02567785956613277 0.01750284509183793 0.012423155592478854
63 630 0.062426950137354345 0 0 0.0802024805633821 0.06601115770088657 0.09674046063401183 0.07008794440489326 0.058835694643535906 0.05527573478360234 0.042309694513733946 0.02651289971204368 0.017987949699889406 0.012061146462307857
64 640 0.057149730230232974 0 0 0.07383781002533962 0.0592158128310109 0.08843586910056667 0.06418631049801829 0.05359140419204003 0.05063664877965458 0.03744496608488542 0.0232168091669954 0.016453462818750805 0.010984788691308254
65 650 0.05446640903621162 0 0 0.07218124643707964 0.05615772441271466 0.08393850651831547 0.06050654601741839 0.05104405093219503 0.0468996294665222 0.03549617810512534 0.021194083008419493 0.015216093453609367 0.010287198505825405
66 660 0.05356827451884927 0 0 0.07233112448201376 0.055355495795527766 0.08189365365797344 0.05976881809621811 0.05001310919336864 0.044607182589452676 0.03463801540149858 0.02100790675012766 0.014739321378552698 0.00987767867432096
67 670 0.05239782920125075 0 0 0.0710185485563686 0.05471117238050918 0.08216823232792149 0.05896193829682856 0.048173968815765265 0.04280474780327877 0.03364253964854243 0.019784622662118473 0.01442252840453387 0.009688201821722092
68 680 0.04957969495799942 0 0 0.06618304042047576 0.05132994703373209 0.07657599215921462 0.057049963189954 0.044343315419624066 0.03987199656693406 0.03131870885975991 0.018652133567761527 0.013728316964373884 0.009149042149188923
69 690 0.048523019034272585 0 0 0.06553700704935111 0.050750939707251266 0.0763684227750856 0.055787774750745145 0.04290238929699075 0.038892046547467765 0.03051281023748344 0.01797176511130171 0.012948691143201888 0.008660854437098436
70 700 0.049370414056973 0 0 0.06700987186854199 0.051452279797501055 0.07876455287121734 0.05611731646124977 0.043686046971010965 0.039970912005942 0.029987928673699225 0.01822555139403704 0.013201305081892255 0.008600580444525392
71 710 0.052695747422193275 0 0 0.07094971462277826 0.0556510235586605 0.08623037914456323 0.05766160952945185 0.048269743772529426 0.04215631653937148 0.03145226118893627 0.019316935316201912 0.014068006005943082 0.009146862729958035
72 720 0.058154138412665805 0 0 0.07841376351252753 0.06371829098473375 0.10437120323898921 0.0641022228786251 0.05335228042558434 0.04557513273117779 0.034163050105643425 0.02146274907525137 0.014723437550515065 0.009997301416375753
73 730 0.06132444765872141 0 0 0.08295141964429867 0.06789031239294105 0.11321237477718278 0.06863411131748934 0.0558484503654565 0.04786556204956725 0.035594213594929015 0.02215853419027868 0.015477356561574606 0.010058187995554777
74 740 0.05924465598891906 0 0 0.08198616699533276 0.06536934017778151 0.11092659185164183 0.06691596226594944 0.054341992446792095 0.04571131681864351 0.03405868347177685 0.021078466175801145 0.014476491983754189 0.009446695944121493
75 750 0.05775137131756602 0 0 0.07962211669630952 0.06247133281070667 0.10844807502907484 0.06617727452692128 0.0539932686419521 0.0429626338476697 0.032751403985455105 0.020534214741464503 0.013800839881336513 0.009058653665657763
76 760 0.05463837389519972 0 0 0.07431636284014179 0.058435733509796556 0.10035189168819947 0.062316135339404416 0.05134564295268232 0.04081815274354185 0.02965265651087458 0.0192613866757275 0.013141251013096116 0.008334651477748428
77 770 0.051994882125568825 0 0 0.07052388566403432 0.05544708186850475 0.09536640381169655 0.05923387078555934 0.04899205513307388 0.03735945223189564 0.02808543030948473 0.018390307255556952 0.012343471423008456 0.007660485585024612
78 780 0.047654375515706913 0 0 0.06572376871407776 0.05031423238878423 0.08751369694155356 0.05654052994784582 0.044688947456153594 0.033517927886771666 0.02531812037840662 0.016648419921921887 0.01076771909894519 0.006947998452475947
79 790 0.04532641980910655 0 0 0.06258210708227746 0.04728170555700417 0.08305059014800868 0.053206926041565565 0.04243637864878748 0.03182611832358757 0.023768144529409254 0.015480345368979735 0.010400816352332162 0.006548738708593984
80 800 0.04405418811799646 0 0 0.06114263123553986 0.045553716515372586 0.07685225107621438 0.05176398498019402 0.040417353865786855 0.03125670704560352 0.022960633898785245 0.01485644499376782 0.010168764174508437 0.006294440582763231
81 810 0.04064594536887906 0 0 0.05579646055171282 0.04181370350391325 0.07040013730700476 0.0473030722833019 0.03731862209745797 0.02899999900808267 0.02060207998810751 0.013656914825111822 0.008679380319978253 0.005841211384847083
82 820 0.03810106824127918 0 0 0.05274869756769061 0.03941749511622709 0.06523410498561834 0.044048838720506765 0.034208445939165374 0.026334405059512428 0.01907607733891697 0.012513617521352534 0.007875885305950587 0.005498064072336167
83 830 0.03875511245726396 0 0 0.0537787005006994 0.04066549471777531 0.06696643373166872 0.04574793605480914 0.034872775183581416 0.02667169365582278 0.019727759660521014 0.012282099792169618 0.007928179383159241 0.005414101517414564
84 840 0.040918204233833216 0 0 0.05622521399113979 0.04312473220542298 0.07142540687101352 0.04721820401046598 0.03719330024530944 0.02794179545221517 0.021109569523045456 0.012934331560375425 0.008207863095748532 0.005645247683545107
85 850 0.04212832715660912 0 0 0.058251844804369866 0.044547671429672336 0.07424334629070904 0.04863633368297019 0.03767468015132293 0.028036472462123867 0.02178087128242395 0.013084033066595195 0.008508317773520428 0.005748578281632259
86 860 0.042862226573334924 0 0 0.05878990226815889 0.04593144441983747 0.07526294125674232 0.048878527297072684 0.03795487769371989 0.02776106441965794 0.02191643860565814 0.013167193162324519 0.008741354213152619 0.005844380736497501
87 870 0.0407514128329221 0 0 0.05551580402472841 0.043401179975771365 0.07043062105337052 0.046099180964622365 0.0361194747082315 0.026375139100000552 0.020166349843270197 0.012307024450756491 0.008182472233429697 0.005377591699401572
88 880 0.043735558185377374 0 0 0.05938588467808265 0.048015470620450036 0.07810230270090708 0.049384681201379135 0.03907096437341968 0.028437197441521907 0.02183090301975015 0.013311559373814516 0.00853181050576712 0.005627833912163208
89 890 0.042401080815587 0 0 0.05810642150170916 0.04628671827759127 0.0748532503763259 0.04797530637365704 0.03777857122757868 0.02764180570133892 0.020634757534262364 0.012678649556831447 0.008266346494980988 0.005422675792398024
90 900 0.04339682763433501 0 0 0.05865156180477493 0.04839717832314734 0.07601461354138987 0.048227404092490087 0.037219026694929214 0.028540885114458667 0.020835780052936407 0.012972362175913212 0.00839149468949819 0.0055929386767309
91 910 0.04626101579256481 0 0 0.06300501734094097 0.05321065428210347 0.08509723732281232 0.05113792220648357 0.03927871204553585 0.029980248876330846 0.022242273889986678 0.01358858600324925 0.008933312918469832 0.00589828202768708
92 920 0.044067463743388505 0 0 0.059821090396299494 0.051224129529863605 0.08124320429939312 0.048394083686267 0.038008405606069905 0.028528938334563624 0.021222994429596968 0.012365241538727348 0.008320458959985275 0.00557272390287688
93 930 0.045308552798251064 0 0 0.061897426895405463 0.05413340075803084 0.08168132673551583 0.04909350507663386 0.03778724022577574 0.02942707617691267 0.02201057503933695 0.01268243500542801 0.008641853921174435 0.0056926949309050335
94 940 0.04735014973530882 0 0 0.06392727700260054 0.06177886932908866 0.08302810304186685 0.05156524260196837 0.038604051967173876 0.03068694852569442 0.02218599832218407 0.013551205606875937 0.008823897988392313 0.005971905999659969
95 950 0.05303431477402604 0 0 0.0701537634319829 0.07961859615730586 0.09299691244505628 0.05851921186281748 0.04230065101401129 0.03335571185595604 0.024465080559902597 0.015066341990440529 0.009738269320315423 0.006798443979062267
96 960 0.057104706228107566 0 0 0.07919966172698331 0.08992441625916164 0.09786127566692963 0.062286925270399245 0.044592741764206544 0.035214139361802774 0.025994686271036894 0.016000070268440126 0.010388006020092837 0.007343011343483367
97 970 0.05827125995660423 0 0 0.08098977586179572 0.09401752555451744 0.09906965096089525 0.06336240107290154 0.04575389645935 0.03560052476544165 0.026435194893915062 0.01546030196347959 0.010641454053375328 0.007366835149396481
98 980 0.06486758942202338 0 0 0.08751643026669172 0.11351393469353632 0.1097118584810113 0.06827284790942428 0.05037481597137075 0.03877359392815121 0.03001933383247351 0.017082788161539506 0.011672000465384785 0.008219320290908843
99 990 0.06930906539606435 0 0 0.09335583010379216 0.12029263193036263 0.11790577980209309 0.07215797909270916 0.05338536578190668 0.04182586717169786 0.03127266806421584 0.01819168336928372 0.012500495447625933 0.008758879118157445
100 1000 0.06630239987636767 0 0 0.09055900596504446 0.11665223072653015 0.111451678939799 0.06777866958488211 0.0511912095192896 0.03948922647386925 0.029352525129213953 0.016745399465041295 0.012090533994449119 0.008374174995773073
101 1010 0.06724781270238055 0 0 0.09278533116361459 0.12260742957984484 0.11189752604276133 0.06739443195320856 0.05138313977312812 0.03873308767750615 0.029093022146293158 0.017327128819416514 0.011780014065066425 0.008427499773457806
102 1020 0.06647596479523052 0 0 0.09035442605879163 0.11939166856972461 0.11254516187741678 0.06529420327989842 0.05017376319435044 0.0380350708302849 0.027246079562242242 0.017273914476360862 0.01147406514767712 0.008366060159934302
103 1030 0.06763318699899461 0 0 0.09403431645192235 0.11776914591939933 0.11393017727292641 0.06625495699368884 0.05145846872538681 0.037420885004260905 0.027143427593949748 0.018010370901756063 0.011572376652560286 0.008756044352092722
104 1040 0.07587168983111743 0 0 0.11231732292555592 0.13417668602318053 0.13414366167223393 0.07383070865524044 0.055485964481304356 0.04242143916482153 0.031191079659851934 0.02002288345352068 0.012806076518889225 0.009661934456507681
105 1050 0.07161643818915644 0 0 0.1069132206544369 0.12524805738867142 0.12605286436857954 0.06938958962552529 0.052838594886999976 0.03851638747838656 0.029215228887779013 0.018132331654051547 0.012030234361448584 0.00907668524254949
106 1060 0.07145610679561648 0 0 0.11383498439615143 0.1256568334621898 0.12636020887436794 0.06893001171804229 0.05256015458669407 0.03812428804913451 0.02909225730814814 0.01754046920497857 0.011425414395818139 0.008737207250271337
107 1070 0.06551967359343436 0 0 0.1022814057452009 0.11573436249270357 0.11428833413028824 0.06246801126543841 0.04713772834077998 0.03468818296177639 0.02531815085827687 0.016145280586367026 0.01015855640073777 0.007934250504923046
108 1080 0.06746466517279477 0 0 0.10400243988659888 0.1202838159387557 0.11843789033742042 0.06271093710983765 0.048509632597563294 0.034646632916082644 0.0263720658965195 0.0171874678583883 0.010240620419331426 0.008174889647023408
109 1090 0.06355149639066597 0 0 0.09775329258607812 0.11243078388451681 0.11278437432205413 0.05935803272721308 0.044099789570452796 0.03230907980750283 0.02460055907630662 0.016055088809027663 0.0095031727355272 0.007644748381297959
110 1100 0.06280317135169033 0 0 0.09692619151973371 0.11186376873728347 0.11258794349022073 0.056541622854579775 0.04335102217752705 0.03230459601414699 0.02387142088842611 0.01565223509252957 0.009444406739917026 0.007395016808540371
111 1110 0.061345788935118696 0 0 0.093795690043797 0.11108751542654206 0.10778096926094967 0.05361414659092231 0.04230008036567594 0.03195070660608812 0.02331337231245871 0.015026595109968482 0.009303990773314856 0.007121877663049458
112 1120 0.06253243597112405 0 0 0.09476982993845463 0.11689022458424969 0.10596305581907298 0.05327049951709204 0.04319688627958559 0.031968534697344925 0.023796624267861794 0.015112639230866658 0.009396286102933095 0.007109020118086063
113 1130 0.06400062901788545 0 0 0.09829912090916573 0.12263794057520239 0.10687495044873688 0.0536960333989391 0.04333606183840579 0.03204303084850805 0.02459145129643006 0.015208138140560585 0.009405824548802256 0.00726412086356356
114 1140 0.06424975688937626 0 0 0.09897214942491112 0.1295245596774718 0.10673640526386698 0.05372169287427308 0.04277049579928848 0.03141980863485546 0.024348712861975732 0.015334548279866092 0.009298085357796049 0.007094107324815428
115 1150 0.06717345742869756 0 0 0.10183045535624313 0.14407471098835908 0.1075042441893996 0.0563031317630793 0.044612264056804414 0.03201031401184342 0.02533943240394 0.015964152970125958 0.009564632673574191 0.0074847347971079255
116 1160 0.06247003926577998 0 0 0.0926130766994598 0.1344169419027525 0.10009081226342027 0.050974496613895345 0.04146003214006253 0.02967063589198166 0.023530349148339635 0.014609348357294145 0.008744697458013994 0.0069086530853922756
117 1170 0.059214856874309024 0 0 0.0889439869222198 0.12315717154590064 0.09525548685509093 0.0475692035261168 0.03925860255138151 0.027558111952025115 0.022073821190893884 0.013650270160266695 0.008242855537380708 0.006465926110078298
118 1180 0.059591465080592196 0 0 0.08932263077290908 0.12506424963791699 0.09761503701800565 0.04780757114056637 0.038459858465737726 0.027464190203112197 0.021950251310268367 0.01361478842381929 0.008264577002323253 0.006549788719961015
119 1190 0.061591026181015675 0 0 0.09147640777066768 0.1325345752495534 0.09864330375664247 0.04918308136689148 0.03859496171061428 0.02799977254480716 0.022709797575067348 0.01400048069802303 0.008414414193086918 0.006648020572429829
120 1200 0.0626144611373372 0 0 0.09480184872210314 0.13472691331567233 0.1015858908599958 0.04915761134630732 0.03914393210549112 0.028303266868488542 0.023499177469922816 0.014191159398350146 0.007966045799254284 0.006776172067457807
121 1210 0.06009275240743131 0 0 0.09071788300510078 0.12171747048435733 0.09794274723502436 0.046946034706756914 0.03723024106998541 0.026775728111935564 0.02243681920379716 0.01330170681583411 0.007733256003000453 0.006579341063329243
122 1220 0.06157857157890528 0 0 0.09252351928570786 0.12359025653885351 0.0990103411896217 0.04822560166808937 0.03807109467364364 0.027116180732533975 0.02291725665491682 0.013696761323042556 0.0075992202461740025 0.006686169060989451
123 1230 0.056497913248019296 0 0 0.08367270339123385 0.11282203797113477 0.09056605245793918 0.04442643240551914 0.03497344298671208 0.024377207294527848 0.020925391118036422 0.011806057545122641 0.006807630939550686 0.006160868463136556
124 1240 0.05555604950600269 0 0 0.08265902176924604 0.11048548687715533 0.08850660334284548 0.04358120506895188 0.03548964638196455 0.023860772536252788 0.020243601618546905 0.01140706178424594 0.0069678309582513085 0.0060107335536935085
125 1250 0.05717972828535272 0 0 0.08495894273532952 0.11280367726736837 0.08986382832086673 0.0450175769414545 0.03705145793757492 0.024883661301383846 0.020556466787948122 0.011676754491638578 0.007004446976171552 0.006041872797383206
126 1260 0.051877061638274914 0 0 0.07548580640160778 0.102086514369322 0.08048952027872922 0.040421457772097685 0.03289157306365514 0.022221931829164876 0.018433178092268996 0.010495505315961547 0.006215437297636857 0.005388849581826094
127 1270 0.048226949995259394 0 0 0.0692828627387699 0.09446167666264846 0.07367724460485438 0.0373023349281631 0.030579184207086926 0.01992086518794762 0.017184808729874743 0.009606792417653217 0.0057558242103853755 0.005112549498027248
128 1280 0.04655814981189118 0 0 0.06643564197523334 0.09072899070220553 0.07032866546056554 0.03517401961452032 0.029198267395807453 0.01913633642638039 0.016621682698591805 0.00915179467068302 0.005289052502161608 0.004950250188426824
129 1290 0.04656937773896855 0 0 0.07033865486217732 0.09189139161588637 0.06757735036934998 0.035373121456044904 0.02839185507950157 0.019281370479039068 0.016749330827829575 0.009033047680968053 0.005261833987295127 0.0048798194101294465
130 1300 0.0459837695830238 0 0 0.06927384263102102 0.09176500609592185 0.06572716897769612 0.03408452866383646 0.027701551662152483 0.018735866770886393 0.01651649080046033 0.009065122635702364 0.005088490925086879 0.004760175995950308
131 1310 0.04757716697675974 0 0 0.07374789388452009 0.09456535880968654 0.06805469724456586 0.03497980365594097 0.0284804821866012 0.019594067620984586 0.01665475564029337 0.009384813023792335 0.0049960492932863785 0.004921030769898675
132 1320 0.04698216837548402 0 0 0.07288399925724588 0.0922306093924773 0.06429706466233963 0.034228725813918774 0.02794315791030413 0.019126852366063585 0.016195607175220696 0.009155225980729204 0.004991935915140643 0.004870680408577909
133 1330 0.049596097905045614 0 0 0.08199399444520439 0.09778573629488257 0.0688198169123859 0.03521254619116605 0.03003268742393197 0.019656558752412415 0.016954879363425133 0.009447931090597583 0.005227304617934747 0.0050457165519338446
134 1340 0.05515786966636285 0 0 0.10063930338240558 0.10785186964554037 0.07600745784474597 0.039318632000362556 0.032636488902210936 0.02202085442252553 0.018632533503432094 0.010284901551084382 0.005884132424769613 0.005366857583302144
135 1350 0.059299206334639365 0 0 0.11516234629514176 0.11526084767446329 0.08002177606146142 0.04223208509450934 0.03299686747739098 0.0240323326104591 0.01957908098548495 0.011003910336854574 0.006361242080619544 0.005758824957238765
136 1360 0.06513902546125509 0 0 0.13175057597226117 0.12303740885718106 0.08667894370149042 0.04522240279590419 0.035917629004625626 0.02637668737029706 0.021408393519570912 0.011948459122374838 0.007129806093997901 0.006271989250664198
137 1370 0.06515001353088744 0 0 0.13346160901739487 0.11704238965478887 0.08547469623333077 0.04515112959420657 0.03557657093442741 0.026081466641616563 0.020879254034678777 0.0117600231727807 0.007204888186871235 0.00614983923628023
138 1380 0.06509687132288447 0 0 0.13775419069668524 0.11894372986080774 0.08495313008367471 0.044266712591631924 0.03467873372376423 0.024870703670037988 0.02057215640234869 0.01148217245921598 0.0072277142526890785 0.006056307893929136
139 1390 0.058574622140290106 0 0 0.12180420863591489 0.10753998030172683 0.07597098876617442 0.03977076503793465 0.030636249557364367 0.022362193502758497 0.017638446343639442 0.010074177897583072 0.0065472962582811284 0.005460892629995328
140 1400 0.05787586768231607 0 0 0.1249203577802166 0.10309250025737061 0.07406214670209092 0.03935643300210986 0.030130831725847063 0.02178672711195754 0.017572801100664556 0.009948244670383683 0.006437983874543216 0.005161368229731289
141 1410 0.061094491444853176 0 0 0.1343443948984407 0.10695716945817475 0.07835639692026866 0.041828846380458085 0.03255928254302778 0.02268414977344906 0.018385383569610454 0.010411447366853397 0.006792662462050182 0.005287004266231693
142 1420 0.06491389625088696 0 0 0.1547267365531885 0.11408020136967023 0.0836132494605127 0.044314550541335304 0.03418144153107734 0.02357608004634925 0.01954293739138112 0.010970233415310398 0.007168021634219725 0.00548754722932893
143 1430 0.06579913984888526 0 0 0.1658268830368882 0.1138715081799113 0.08464656230614741 0.04522021452352699 0.03378118391043189 0.023582398387737517 0.019690978948940875 0.010709859942624985 0.0071173721182347174 0.005495349111654289
144 1440 0.06261570268854004 0 0 0.1604146272690137 0.10612622304279844 0.07744977129895143 0.04196614138747428 0.03211647318867406 0.022541011335713908 0.018638995057313947 0.009990142683533662 0.006638547058499331 0.00522485335286541
145 1450 0.056411562751932695 0 0 0.14429127371682962 0.09657912721322233 0.06792000090935407 0.038278774903924936 0.02857912089445762 0.020275027488798107 0.01674552186973374 0.008854372021119026 0.005984752050048557 0.004481100368982604
146 1460 0.0519414543135831 0 0 0.13145287978943548 0.08437657884207653 0.06277652009852469 0.03478392371888875 0.026217134219160786 0.018482694344469922 0.01544013333332027 0.008152679007218298 0.005492015420035029 0.004128884957757228
147 1470 0.05025960646333846 0 0 0.12855466906155422 0.08111403556480841 0.05949582942152987 0.03310762934856216 0.025905926659098404 0.01759455125860839 0.014248438156008007 0.007838027123723097 0.00537006283035534 0.0038461166491759184
148 1480 0.047338792977710285 0 0 0.12158886961138891 0.07446471471959755 0.05352350855674624 0.03163758838907779 0.024265675476823803 0.016488144812452202 0.01330577670453925 0.007322144780021525 0.005057409824616619 0.003559228819019905
149 1490 0.044557306364560206 0 0 0.11313746145869492 0.0706873493412965 0.049935102180001446 0.029297195942237494 0.022973042096756165 0.015517935482694215 0.012096079889032052 0.006754972050380597 0.004706125934370312 0.0033572304857153864
150 1500 0.04264067050852337 0 0 0.10733817002291718 0.0663392386412927 0.045910012182789235 0.028314091660192633 0.02153571874723162 0.015012700412868877 0.011166606393545678 0.006454534823830067 0.004595779088779005 0.0032267211226056805
151 1510 0.04059313151764194 0 0 0.10334054959773413 0.06318326671633953 0.044120199578412234 0.02649305243065976 0.020552713622955653 0.013959569649270443 0.010601938994300595 0.005749349674404311 0.004375966711113766 0.003089581238221024
152 1520 0.03747780598817743 0 0 0.09593550124385113 0.05778985289747322 0.04037581108154882 0.02385412225595827 0.018548945423058946 0.013040866001668126 0.00964815275654539 0.0051729822897274205 0.003932968192392596 0.0028580119435887104
153 1530 0.03425000946643798 0 0 0.0873612195979085 0.053004643341198 0.03815891540712127 0.021698295637884765 0.016677552473436993 0.01166168995221294 0.008621329532337478 0.0047028742129409645 0.003544331269354619 0.002546465516047784
154 1540 0.03282638252251291 0 0 0.08563574044016907 0.0503656926449917 0.03642617486545131 0.020621849390100224 0.016041965323686187 0.010904243843835032 0.008188642606271902 0.004477524815865431 0.003400360505736085 0.0023683637474680454
155 1550 0.030043614364137865 0 0 0.07858842328305668 0.046057744757615884 0.03407982449377629 0.018556552437536917 0.014474404942373143 0.009759731507013956 0.007192560420488723 0.004015517923181491 0.0030504513625875434 0.002129822775741353
156 1560 0.027460286298944682 0 0 0.06959962540803569 0.04105587182435804 0.0314491067184011 0.016671640089971518 0.012979035414902917 0.00896611879076635 0.006611120456235783 0.003705631953187278 0.0027827545356958103 0.0019251311581382966
157 1570 0.0248589236262517 0 0 0.06226758312776342 0.03686490230895131 0.026865690584429718 0.01576179281281439 0.011718658732898487 0.00807112795289462 0.005988772690769443 0.0033070904893333503 0.0025530629517914894 0.0017490687862588186
158 1580 0.02347132415543503 0 0 0.056218377894384296 0.03482963382174324 0.0248096729740497 0.01486959608582422 0.010983428012192254 0.007539655864107843 0.00580167657336998 0.003061363358455878 0.0024193394754804206 0.0016376033767948124
159 1590 0.02329924096990872 0 0 0.05749740439151933 0.03462652998429683 0.024534711493794485 0.014939223880430773 0.010890915861708338 0.007409119731828411 0.00569257797747284 0.002981488425976433 0.002271550415486324 0.0016071939048652947
160 1600 0.022182206918763755 0 0 0.054649373292093746 0.0332711494536806 0.023215865158867175 0.014344861031514429 0.010161288321237548 0.007065246885968412 0.005400634660794266 0.0028411409355561866 0.002109754715990912 0.00147604280324919
161 1610 0.020787072954469295 0 0 0.050839994077921405 0.030819566584838552 0.0213601384128651 0.013356240449288112 0.00966979822940365 0.006475417717080588 0.005046717197064515 0.002640414246962593 0.001948225474152435 0.0013687383357582838
162 1620 0.017899385570803124 0 0 0.043962348132472094 0.026350373899485198 0.017741964359143627 0.011274818961823198 0.008246047729136861 0.0055199906296358354 0.004274941130045662 0.002257237487425673 0.0016651801545139611 0.0011615201339753118
163 1630 0.017963248027624657 0 0 0.04370557680488883 0.02667043891619464 0.017649909197810596 0.011343229919120174 0.008194908804037622 0.00550021318973118 0.004254351235195379 0.002296971876613572 0.0016838278372376056 0.0011551134647495144
164 1640 0.018427182857984985 0 0 0.04427741903291694 0.02759593456540717 0.017954077422812926 0.011531179945485694 0.008429467410137538 0.005683596547401524 0.004257669378543896 0.002340086382359623 0.0016462741546146638 0.0011953346361267356
165 1650 0.018311962136478722 0 0 0.04359636033559109 0.027282417428159848 0.017670277734004137 0.011440053849974511 0.008359726719315255 0.005544991769866408 0.004152043882779785 0.0023565021621279555 0.0016106977965896316 0.0011765491963853442
166 1660 0.017661941448135828 0 0 0.04153177039759118 0.027008505291188666 0.016688997481923006 0.01112915029240016 0.007862918669730306 0.005263492799205896 0.004017955342217484 0.002288105985720533 0.0014901349279618052 0.0011460538684231695
167 1670 0.017419064246434114 0 0 0.04057680325957519 0.026356432140685785 0.01648085417670001 0.010857361513351245 0.00774103275302945 0.005182712701179331 0.0039274501086385555 0.002252095203166728 0.0014655313867623396 0.0010902581882910071
168 1680 0.01667988288458774 0 0 0.03849619998068457 0.025276569981600737 0.016159606578449177 0.010327724561679704 0.00737704569751695 0.004717883849770338 0.0037541281039484738 0.0021511053646770615 0.0013867084791452475 0.0010435390665202583
169 1690 0.015582585969250792 0 0 0.036058087825165654 0.022969673531530878 0.015120365578534653 0.009245433085457368 0.006857655129402361 0.00441125732060774 0.003508620358712327 0.001964334006733706 0.001294628968986947 0.0009817529291772915
170 1700 0.01423428447373331 0 0 0.03240000020603176 0.021133264188059095 0.0140575003754173 0.008364109964866159 0.006090786835281191 0.0038524400308218043 0.0031204916851385344 0.0017978553958442646 0.0011727615163384729 0.0008897213953554453
171 1710 0.01260419420711396 0 0 0.02787451056362637 0.018135100084166193 0.01246861199584083 0.007173294953285778 0.0053336034613374415 0.003416618597083417 0.0027632291529749884 0.0015859504033800481 0.0010392518855071435 0.0007747018644034335
172 1720 0.011020472519131637 0 0 0.024315138828089788 0.015795683694689523 0.010600759535378106 0.006170712262274882 0.004580487158584267 0.0029803623176417843 0.00234417197255713 0.001357621797468136 0.000904629286869949 0.0006696898732063697
173 1730 0.01016033039195374 0 0 0.021542176910098958 0.014371997535393645 0.0095070475698957 0.005706929304325993 0.0041434118805270745 0.002742068682746759 0.0021313639761032527 0.0012299161486560252 0.0008298584986672761 0.000607103699674725
174 1740 0.009119877415180446 0 0 0.019240220099553017 0.012901358830397478 0.008462719859408791 0.0050996189870679874 0.003667199453202784 0.002403513269665963 0.0019185015922494387 0.0010970071661132483 0.0007387393838325559 0.0005442852104201762
175 1750 0.008146372809454629 0 0 0.016640387727417036 0.01165457249135557 0.0075529941307326725 0.004371897649198861 0.0032817156152349456 0.0021457335041678576 0.0017025178286004877 0.0009673617722274189 0.0006500286700432772 0.0004932123413687762
176 1760 0.007595910244288863 0 0 0.015208369302486195 0.010882323216586932 0.007018198265310083 0.004061362398197706 0.002991316706559611 0.0019848950638477214 0.001523668413413064 0.0009093958202484626 0.000609788769390584 0.00046240886184544807
177 1770 0.00687776780575274 0 0 0.01343303458702245 0.009901606642803207 0.006337400682735519 0.003642589423993263 0.0026653528000689145 0.001800199013790523 0.001377384815328345 0.0007995632545447248 0.0005455553035872137 0.0004155052488152185
178 1780 0.0073657811517340785 0 0 0.014325813480757166 0.010552117947722239 0.006934405598232807 0.0038650556026368055 0.002821629487003054 0.0018704306174065542 0.0015095745106981243 0.0008719831479521763 0.0005859308283084453 0.0004412578412643136
179 1790 0.007362209043426318 0 0 0.014407544872311814 0.010527861538318256 0.006941243825527639 0.003727485920720178 0.0028849298987603904 0.0018707100122056569 0.0014261537700111834 0.0008663197797449758 0.0005879825460862819 0.00043578972533287196
180 1800 0.007626284064047477 0 0 0.014681388673223848 0.010524811704514945 0.007061769609777935 0.0038314389139156788 0.0030634762659001256 0.0019413731737523187 0.0014747300893941677 0.0009069774889504582 0.0006090548961229538 0.0004479860387087669
181 1810 0.008069617946913332 0 0 0.01553382518373439 0.011589347384586932 0.007469144243925295 0.003977999251605205 0.003248612134002263 0.002077975096361318 0.0015753812633623942 0.0009551443474913578 0.0006574452131631884 0.0004677025592403099
182 1820 0.00870647162079372 0 0 0.016021427779542092 0.012418892800443334 0.008038999434501704 0.004473997926440451 0.0034774023266075766 0.00226094606870038 0.0017337584874191196 0.0010317658871626758 0.0007222804120302487 0.0005049356083016459
183 1830 0.008699369484178 0 0 0.01600233544658795 0.012136785476852761 0.007908388745327607 0.0044072121107883375 0.003539573201104664 0.002190080480167117 0.0017503501480776336 0.0010256639638057438 0.0007097207898756749 0.0005099863481541219
184 1840 0.0077675128025653795 0 0 0.014154286791892338 0.010713957584057113 0.006754872916970927 0.003851817687541019 0.003122846540947299 0.0019543056171205586 0.0015422768191380757 0.0009192209301325244 0.0006222500415363123 0.0004539423857409622
185 1850 0.006772700520010729 0 0 0.01233700474705602 0.009279605359810756 0.005859087810105504 0.0033078558158464197 0.0027169656414658253 0.00168680431666981 0.0012866593144480914 0.0008013251373159235 0.0005380032840277909 0.00037549384233223377
186 1860 0.006302794736331651 0 0 0.010998652491712665 0.00846321107557783 0.005397861644638249 0.0030114559236492427 0.0025406817621955857 0.0015673153875672842 0.0011744094628114332 0.0007454434354815668 0.0004954558249476096 0.0003471900283496737
187 1870 0.005807020620857131 0 0 0.010109521293890193 0.007765731094660403 0.004893247381676246 0.0027687987381780116 0.0023289279706048 0.0014178861449092527 0.0010724167934087153 0.0006757621946433215 0.00045113931641118987 0.0003226459174843038
188 1880 0.005312456785912468 0 0 0.009270975417880106 0.007059163696674485 0.00444219944902316 0.002486152665534275 0.002125868259872102 0.0012460925543827453 0.0009722101584675337 0.0006266241016539099 0.0004023748765893947 0.0002852515650942737
189 1890 0.00510695024450964 0 0 0.00864941589932187 0.006545660120381791 0.004180230241442883 0.0024240012877396484 0.00203262620789701 0.001212725060841393 0.0009419866833972197 0.0005891396898925533 0.0003808449613812961 0.0002786515281106415
190 1900 0.005106034257325892 0 0 0.00899444931562265 0.006390875707569129 0.004076383476977166 0.0023912596731819353 0.0020028087702209396 0.0012063362312294585 0.0009420385096641225 0.0005928035467092574 0.00038179097841933076 0.0002785567525411794
191 1910 0.005033378385492843 0 0 0.00889211088028575 0.006107613077155726 0.003911528709164402 0.0023456033844737045 0.0019380398386184914 0.001182396153894797 0.0009439142835374339 0.0005772781640241464 0.00039306475435487467 0.0002687518058663789
192 1920 0.004848705298402023 0 0 0.008370028995233926 0.005678061151714023 0.0036824666850108476 0.0022901549358830403 0.001833026859601455 0.0011384623591384222 0.0008958498294807815 0.0005550846508519439 0.00038446966005912424 0.00025895033938287405
193 1930 0.0045578616740807685 0 0 0.007820328910171953 0.005352921259604722 0.003415065303977211 0.002167571588137312 0.0016916840606134942 0.0010698949910675263 0.0008309613816164512 0.0005147553132858909 0.0003653446184550048 0.00024164965607943576
194 1940 0.004438256271528665 0 0 0.007609190594911681 0.0052154796140222075 0.00334655666168817 0.0020806438596687638 0.0016488710706329642 0.0010374854469284525 0.0007712444779639842 0.00048618755124052606 0.0003534494790525581 0.00024356024652245437
195 1950 0.004334277759130999 0 0 0.007475098628485711 0.005115836754828234 0.003295186744787053 0.0020324191796048745 0.0015948559908262462 0.001013985432926467 0.0007065329802814873 0.00048153762040232075 0.00032976897496910803 0.00023374526099767743
196 1960 0.0041539975096199595 0 0 0.0070111042814307144 0.004881617946239063 0.003077120162454236 0.0019510616223358452 0.001499178330562392 0.0009579733190534145 0.0006795100411410988 0.0004581123604923333 0.00031552467335419025 0.00022115729710163391
197 1970 0.004087694317545213 0 0 0.006835865697268012 0.004808352839213975 0.002994938113067328 0.0019230227351651928 0.0014103194738181851 0.0009713610079446371 0.0006579629156839293 0.00044309413396224754 0.0003109918888609034 0.00021179241014291752
198 1980 0.003836847804931389 0 0 0.006283568360800953 0.004492387433398462 0.0028221204772904103 0.0017977730206682936 0.0012809315408763052 0.000906858083631909 0.0006080994276785086 0.0004158135239873044 0.0002887340512412974 0.00019372503436744393
199 1990 0.0034791630218484553 0 0 0.005604163678993784 0.003910348922319886 0.0025608323812315852 0.0016216770431754992 0.0011688092973905424 0.0008037720698214652 0.0005528364513817672 0.00037243301701569954 0.0002534778551986646 0.0001717796366143222
200 2000 0.0031311149719052468 0 0 0.004924149227330157 0.003495694220973009 0.0022983917938492657 0.0014627864748065836 0.001031044149044407 0.0007199997415242419 0.0005017615172957214 0.00033526947258195335 0.00022245929829106147 0.00015197323181371318
201 2010 0.0027581156697257803 0 0 0.004290133525870913 0.003074314039536803 0.0020347894252722384 0.0012617082916766126 0.0008770068785138116 0.0006315200536674388 0.00042898096596446003 0.00029488037991144635 0.00019285737458370151 0.00013367333368565187
202 2020 0.002431038882547314 0 0 0.0037464097292323243 0.0027110480641938466 0.0017786441597520853 0.0010777965921203252 0.0007557512925994808 0.0005446009799334403 0.0003765146886158856 0.0002515646954087043 0.00017102918389646506 0.00011587713645335366
203 2030 0.0021549987651190267 0 0 0.003348056190061703 0.002313627912090743 0.0015407324482097852 0.0009515681714706938 0.000685134891032953 0.00048060172187883176 0.000336748265942314 0.0002171281144959915 0.00014929194302029135 9.882583175918403e-05
204 2040 0.0018591311363978181 0 0 0.002864460919080149 0.001965348252261921 0.0013129787917543832 0.0008205751755145697 0.0006011994996675337 0.0004117276995937276 0.0002932240114939933 0.00017910165374186094 0.0001279249072708149 8.518977787689543e-05
205 2050 0.001656944458925804 0 0 0.0025747562698492437 0.0017271689811096701 0.0011274144029694358 0.0007141718537812207 0.0005291118752949446 0.00037203407766990977 0.00026341882200245944 0.00015726524811819346 0.00011183753875202686 7.504669417318101e-05
206 2060 0.0015030199336453802 0 0 0.002366950324713004 0.0015678838098949874 0.0010062792912135165 0.0006321370111000687 0.0004903147502929688 0.00033573043404593544 0.00023593328219289166 0.00014202497551273237 9.902160043027299e-05 6.868209687015678e-05
207 2070 0.0013501772102200405 0 0 0.0021204037168890775 0.0014041329031966537 0.0008676320933516191 0.0005562882359796331 0.000439809247468877 0.00030004969713227285 0.00020724123683243676 0.00012349975153593912 8.84367278490359e-05 6.262568043392241e-05
208 2080 0.0012257665617884943 0 0 0.0019140226823361759 0.001275438885670461 0.0007945835885426728 0.00048615848934590005 0.00040024106297506507 0.00027692704138238016 0.00018866703778038188 0.00011139055358949307 7.93297632089142e-05 5.6069683258262456e-05
209 2090 0.001163534593649641 0 0 0.0018054203459286805 0.0012186276110808293 0.0007471388887037436 0.0004250190032654082 0.00038407023356928254 0.0002654293532571289 0.00017880977458610507 0.00010713590048395068 7.538053215078213e-05 5.323934227011089e-05
210 2100 0.0010215119478980865 0 0 0.0015930501344135447 0.0010622421758571833 0.0006343833927560889 0.0003674620706487894 0.00033642058138261196 0.00022604534569687767 0.0001552062957730903 9.495417461558531e-05 6.598187811778426e-05 4.618834122795967e-05
211 2110 0.0009339036353562251 0 0 0.0014149799987999718 0.0009745304137987037 0.0005826671852306508 0.0003317105894889413 0.00030029418650419105 0.0002075635595104808 0.0001392072697694158 8.662118598949038e-05 5.8964109847625624e-05 4.18745362296277e-05
212 2120 0.0008982561091378567 0 0 0.00132745290421839 0.000939530239422702 0.000561474948882864 0.00031878661057265607 0.00027918757352259885 0.00020454755134253667 0.0001352514093012413 8.243340402722752e-05 5.6524904110699504e-05 4.0038213930568917e-05
213 2130 0.0008225733905015886 0 0 0.0012036908230335075 0.0008432584881134066 0.000509343651658826 0.0002860455370632612 0.00025121549590006634 0.00018720489673001322 0.00012371549823833835 7.473326071236186e-05 5.096169452342832e-05 3.593774043868266e-05
214 2140 0.0008063734587699883 0 0 0.001164625552545447 0.0008213542255266996 0.0005206434375164842 0.00028425169752431046 0.0002451859171185501 0.00018053165362933994 0.00011897634833543924 7.131622390274593e-05 4.942913534129189e-05 3.449165456566376e-05
215 2150 0.0007881870867542638 0 0 0.0011249198342277692 0.0008004233748073806 0.0005013172112887164 0.0002717720321431022 0.0002411236172541568 0.00017575218871891736 0.00011672979799798507 6.850686117367081e-05 4.895658990952629e-05 3.3172862592887635e-05
216 2160 0.0007581305483941508 0 0 0.0010522346508420057 0.000740360096078078 0.00048806474937221307 0.0002561215111241633 0.0002329697728676595 0.00016794195446024162 0.00011194479353774524 6.749155542632312e-05 4.709597572894824e-05 3.175076692815471e-05
217 2170 0.0007501849448550734 0 0 0.0009986542175800018 0.0007539738514632211 0.00048082114942823035 0.0002502596652949531 0.00023619325323085766 0.0001617845031262633 0.00010940181640625098 6.794154254821225e-05 4.6598846843229076e-05 3.117776294341995e-05
218 2180 0.0007013813917486053 0 0 0.0009223210714594865 0.0006977198138409266 0.00044040304276707847 0.0002277962844860975 0.00022303875235987408 0.0001508127543211653 0.00010316113604547215 6.256270916051983e-05 4.35436698842157e-05 2.8991606769084888e-05
219 2190 0.0006443021557441926 0 0 0.0008364191561384791 0.0006270634408403203 0.00041269724746807913 0.00021023616852982945 0.00020175480334847334 0.0001369810953239228 9.557272524106394e-05 5.689522221957766e-05 3.96726307612787e-05 2.612748754997004e-05
220 2200 0.0006429254120787468 0 0 0.0008188956331121201 0.0006182603521383992 0.0004135537396133718 0.0002133840118938791 0.00020125006891630743 0.0001365723217970421 9.161605263202032e-05 5.684835946476229e-05 3.922383430800015e-05 2.6017252302273978e-05
221 2210 0.0005803525901055102 0 0 0.0007389172414226985 0.0005603708480406961 0.0003756930764785681 0.00019178387766570346 0.00017689709802335907 0.0001241312718003503 7.982684769516309e-05 5.104457557667277e-05 3.509968934321406e-05 2.307316145391497e-05
222 2220 0.0005532479995535402 0 0 0.0007163094633872804 0.0005313992587487585 0.00035421971706229893 0.0001815709542716243 0.00016254741654676336 0.00011614500790196141 7.435132601125054e-05 4.889737008943182e-05 3.305879384888268e-05 2.1816150170928822e-05
223 2230 0.0005287178270677789 0 0 0.0006666758586130367 0.000519960295337639 0.00032997765548816946 0.00016944143875521046 0.00015429466977507416 0.00011079528995869602 7.108418327673638e-05 4.614586882119545e-05 3.148664721382359e-05 2.119009176118432e-05
224 2240 0.00045873124875170775 0 0 0.000547412363473874 0.00044225115866495173 0.00028767239847979933 0.0001433361536371313 0.0001332303752234194 9.537595330756582e-05 6.189088119522896e-05 3.928889281594915e-05 2.7090515431840675e-05 1.863592184883256e-05
225 2250 0.0004227993818001273 0 0 0.0005001015418085315 0.00040432183969270834 0.00026098774758047275 0.000131067799949651 0.00011933030945438938 8.772792516309446e-05 5.6791441177920096e-05 3.597838456168416e-05 2.5092593341764457e-05 1.690637444057397e-05
226 2260 0.0003862455930236153 0 0 0.00045531970112469593 0.0003598698860252884 0.00023658947467438123 0.00011977303054399559 0.00010957669719475359 8.11957870025477e-05 4.9187252265535415e-05 3.234295905088849e-05 2.3425576503832093e-05 1.568950898527722e-05
227 2270 0.00036433496207309026 0 0 0.0004228975072288042 0.00033154575084014357 0.00021919501804379686 0.00011175474143008808 9.911006080790905e-05 7.625093867675079e-05 4.552074443466285e-05 3.019662654465287e-05 2.2704613258763105e-05 1.496139626968541e-05
228 2280 0.0003487844141470452 0 0 0.000393151382133619 0.00030531813851113285 0.0002095423395077745 0.00010736890925305695 9.32644955943724e-05 7.287667665030752e-05 4.288275681343431e-05 2.9380340406810585e-05 2.1525237859138064e-05 1.39876319562259e-05
229 2290 0.00036301146695132407 0 0 0.0004049846428310285 0.00032593377318132635 0.00021620293614990784 0.00011897882647407776 9.73818119951279e-05 7.595055976374488e-05 4.322893021276125e-05 3.127775400684166e-05 2.179258242338726e-05 1.4783113109095678e-05
230 2300 0.00037613746166913225 0 0 0.000417299325357419 0.00033419444819146897 0.00022397937877179568 0.00012373510110068377 0.0001007008042463591 7.947292013451556e-05 4.530301225116299e-05 3.213733858917563e-05 2.2936472540942918e-05 1.551170806344274e-05
231 2310 0.00039348840041614436 0 0 0.0004573857455775558 0.0003410665584552678 0.0002334864875587843 0.0001318031302170554 0.00010198806318028356 8.291494753220388e-05 4.723907682697266e-05 3.2871755978481804e-05 2.3830223006187698e-05 1.6518317992887647e-05
232 2320 0.00037869611949294693 0 0 0.0004475706226825903 0.00032531176278807397 0.00022326349560997588 0.00012469669767858907 9.792654994676984e-05 7.789636824881179e-05 4.464094482497554e-05 3.125434071116365e-05 2.2921426230210506e-05 1.5671976721770553e-05
233 2330 0.0003465054508590836 0 0 0.0004038529587888638 0.0002994953356945408 0.00019636450232954185 0.00011503676815608251 8.913769783483631e-05 7.12045716096598e-05 3.957964923302548e-05 2.8406983734674858e-05 2.1109759801989094e-05 1.4322278394926291e-05
234 2340 0.0003458574620889173 0 0 0.00039205519544310987 0.00029803508023522297 0.00020082258542657977 0.00011411477373426172 8.782251817462878e-05 7.159294549882073e-05 3.926400163860406e-05 2.882226297538965e-05 2.101287912169872e-05 1.4208403225110042e-05
235 2350 0.00032191710544707215 0 0 0.0003622079849690292 0.0002766316103852838 0.00018440320562681208 0.00010597735308453044 8.067484741718937e-05 6.494055687147643e-05 3.6211347566015976e-05 2.625769815814839e-05 1.9644829781902305e-05 1.345724698722358e-05
236 2360 0.0002931860067027726 0 0 0.0003261265891204177 0.00025289338491284175 0.00016837952270945465 9.467324047488311e-05 7.272761553846271e-05 5.846782358251138e-05 3.2837124598960304e-05 2.3823628054139937e-05 1.761636484574801e-05 1.1609280027359621e-05
237 2370 0.0002640281848962652 0 0 0.0002824793144177184 0.0002321060861029348 0.00014679351763440855 8.468106537937493e-05 6.518405341484479e-05 5.191632439416899e-05 2.9510792117787816e-05 2.0790494072999157e-05 1.562523664675579e-05 1.0465834743144013e-05
238 2380 0.00022955465599633023 0 0 0.0002475266987197726 0.0001997953824832336 0.00012735274581596886 7.266731330490653e-05 5.614496897769533e-05 4.4841609563443497e-05 2.6059557545864717e-05 1.775287421492855e-05 1.336794612624113e-05 8.760061110321792e-06
239 2390 0.0002207842658847079 0 0 0.0002324955607770492 0.00018726623984188697 0.00012253797322063191 6.831453993510278e-05 5.489446118064661e-05 4.332508299414665e-05 2.4971630452623865e-05 1.7152806263853388e-05 1.2789635510629146e-05 8.278100547499603e-06
240 2400 0.00020488449004420258 0 0 0.0002178959334880471 0.00017025239073349007 0.00010984102054998781 6.189192283080119e-05 5.058929361012845e-05 3.950973601539317e-05 2.318079927851521e-05 1.5954926233368365e-05 1.1540069929665604e-05 7.650030495034374e-06
241 2410 0.0001940645392872925 0 0 0.00020774677776367668 0.0001600430587309169 0.00010262356674173053 5.777746490619259e-05 4.7866426421329154e-05 3.7692334825379076e-05 2.1141920798919077e-05 1.5116748320220088e-05 1.0940818073565262e-05 7.147054100459331e-06
242 2420 0.00019548246953777414 0 0 0.00020431784704797357 0.00016028621996204092 0.00010266762093140614 5.7606279754244805e-05 4.915322202183668e-05 3.7313944931936036e-05 2.143769217177534e-05 1.5242501743761287e-05 1.1011935854592243e-05 7.201192787094568e-06
243 2430 0.0001965292467683016 0 0 0.00020574656090160858 0.00016124522014909982 9.650691886058709e-05 5.825731015122423e-05 4.9069138574614214e-05 3.770003617479906e-05 2.126973097222131e-05 1.5505550569251165e-05 1.0851039095787461e-05 7.326841299902889e-06
244 2440 0.00017515035099406164 0 0 0.00018265665594353577 0.00014076602156728524 8.574119154252723e-05 5.243964046349411e-05 4.3377403856385876e-05 3.224454714378363e-05 1.8481759409178663e-05 1.3792224298398532e-05 9.588066001439105e-06 6.301183941634804e-06
245 2450 0.0001526530719499132 0 0 0.0001581036811807085 0.00012076300491892431 7.490576657195742e-05 4.532865657340336e-05 3.693074454247052e-05 2.809074771929394e-05 1.5847991966893073e-05 1.1786346991663264e-05 8.311240513235346e-06 5.34542315159743e-06
246 2460 0.0001439987313768848 0 0 0.0001500490315548122 0.00011377937794424 6.966353427852226e-05 4.25014353173725e-05 3.546334929867973e-05 2.5851683417884665e-05 1.489051192680935e-05 1.1410559443255975e-05 7.455098002865939e-06 5.026724906214726e-06
247 2470 0.00013335631709150147 0 0 0.00014073773515148056 0.0001036672772144983 6.410895071294084e-05 3.896634117025715e-05 3.1499747021074195e-05 2.3841026215084158e-05 1.3572957102766815e-05 1.0685958081754488e-05 6.855787244392919e-06 4.634755724554546e-06
248 2480 0.00013165472535673335 0 0 0.0001395106709906855 0.00010153755187770662 6.467306650727493e-05 3.7990891192846164e-05 3.1384564077077666e-05 2.4038518847479177e-05 1.280823626287779e-05 1.0500698402120556e-05 6.774109041998017e-06 4.591171763621701e-06
249 2490 0.00012064595459861857 0 0 0.00012794379699819372 9.108969297364324e-05 5.8145140990001764e-05 3.481612140236651e-05 2.8674621540263654e-05 2.1798375451629012e-05 1.1323415994799602e-05 9.419026024345621e-06 6.259006150142045e-06 4.1827116338002835e-06
250 2500 0.00011095763016788726 0 0 0.00011434433842033222 8.373437505714116e-05 5.356532688480184e-05 3.1501654802357066e-05 2.6380627106244993e-05 1.9911131096355173e-05 1.0208794095602945e-05 8.473671542722906e-06 5.604211445832517e-06 3.8015794968700116e-06
251 2510 0.00010317751280272344 0 0 0.00010356323711398513 7.557113533699542e-05 5.048442713265486e-05 2.9280203156684683e-05 2.4391966474824996e-05 1.828572927486824e-05 9.245811511938084e-06 7.807207536716487e-06 5.280396090574529e-06 3.5263910851562534e-06
252 2520 9.279759097061191e-05 0 0 9.349671845566549e-05 6.764007529607298e-05 4.508916852486458e-05 2.5513806453909374e-05 2.204028002964032e-05 1.6767773111390164e-05 8.249477889934744e-06 6.802610891969209e-06 4.678817313010011e-06 3.1551119891875533e-06
253 2530 8.508158786164963e-05 0 0 8.554039467751467e-05 6.157652550194359e-05 4.1443529650930065e-05 2.2742550833692183e-05 2.0291271945771897e-05 1.5019214450738336e-05 7.570209749949477e-06 6.210348466657431e-06 4.220671596684985e-06 2.8873704190412865e-06
254 2540 8.207841187107256e-05 0 0 8.360179946703725e-05 5.846269744958438e-05 4.0276459892404234e-05 2.1628475444191348e-05 1.9455500430423038e-05 1.3896622976566005e-05 7.4868541276157925e-06 5.955562266956693e-06 3.928501623655679e-06 2.759293904017762e-06
255 2550 7.628800926727203e-05 0 0 7.63288454818112e-05 5.403594476097457e-05 3.708094245532962e-05 2.0230932961056434e-05 1.7751247039212732e-05 1.3006098232272394e-05 6.699995109383217e-06 5.3961604109915404e-06 3.61441227074637e-06 2.5540318828106748e-06
256 2560 7.186841602096542e-05 0 0 7.062383413251368e-05 5.048418897065304e-05 3.4615960443341536e-05 1.8906979058126253e-05 1.6416430277700216e-05 1.2038811550609528e-05 6.5067058533615076e-06 4.9688643016515885e-06 3.29020883461205e-06 2.4076951612843646e-06
257 2570 6.64291236792467e-05 0 0 6.43154916061184e-05 4.686505843692118e-05 3.143695632475667e-05 1.7511363803504526e-05 1.517631766535437e-05 1.1036755728195239e-05 6.010718194003797e-06 4.5940682774678635e-06 2.89789964753746e-06 2.2213329407296552e-06
258 2580 5.7778053138678145e-05 0 0 5.5129205979645904e-05 4.093873411002073e-05 2.742017721228946e-05 1.492776720452684e-05 1.2822621163580789e-05 9.451623006605374e-06 5.138718146402808e-06 3.977721001330672e-06 2.4931538025233067e-06 1.916261011934147e-06
259 2590 5.346963415825027e-05 0 0 5.0738636049584585e-05 3.611252898131031e-05 2.5017506697443156e-05 1.343909715961476e-05 1.1798995671119423e-05 8.782111725249181e-06 4.811107873991688e-06 3.7437152676615936e-06 2.2377248771519197e-06 1.7592617977535119e-06
260 2600 4.803427599752074e-05 0 0 4.527242174179126e-05 3.235099615971395e-05 2.2283665312893316e-05 1.2006172636492251e-05 1.0636104994015705e-05 7.546100797977274e-06 4.253227136809842e-06 3.346659494736189e-06 1.986157329960865e-06 1.5733986267727875e-06
261 2610 4.2043170950392484e-05 0 0 3.872931769656582e-05 2.8193144900270093e-05 1.9182965621589816e-05 1.0488911354262756e-05 9.316952720491637e-06 6.600877699508387e-06 3.5419159927708537e-06 2.9192209920790124e-06 1.7385158602196806e-06 1.3354840746506786e-06
262 2620 4.034795898506809e-05 0 0 3.5744873759057696e-05 2.7362128926331904e-05 1.8347722437857183e-05 1.0001318563982857e-05 9.032864790807999e-06 6.40612069452129e-06 3.3828786255608236e-06 2.770514309853353e-06 1.643987702627947e-06 1.2518558327518105e-06
263 2630 3.975262354661029e-05 0 0 3.445190453996874e-05 2.685209427198315e-05 1.802040360600228e-05 9.870996351759418e-06 8.889526739151199e-06 6.183174097790827e-06 3.2599113388556644e-06 2.7805440787290505e-06 1.6216601381413195e-06 1.2578615303440788e-06
264 2640 4.147831268155842e-05 0 0 3.5324831566800265e-05 2.8192121391522018e-05 1.864196807407717e-05 1.0316064721181411e-05 8.952028406614036e-06 6.448570380334923e-06 3.4956448963179095e-06 2.9370080802232077e-06 1.7014146287043708e-06 1.2493948496532205e-06
265 2650 4.173610620458333e-05 0 0 3.529319660732713e-05 2.8459950971086833e-05 1.9047363291044185e-05 1.0107078070366688e-05 9.021874081586647e-06 6.170910568794297e-06 3.5405574817051544e-06 2.924315714139279e-06 1.688328357896429e-06 1.269151839454093e-06
266 2660 4.106443552466975e-05 0 0 3.430197572433818e-05 2.772518680536419e-05 1.865553377321891e-05 9.977000545094205e-06 8.801361633278859e-06 6.1085485664793404e-06 3.5155572794992323e-06 2.8120114808062014e-06 1.64072932577386e-06 1.2178860393351621e-06
267 2670 4.001442238181032e-05 0 0 3.3650752722132296e-05 2.7066384067136077e-05 1.766348492805687e-05 9.720116912011854e-06 8.490249940614256e-06 5.998602106337538e-06 3.4830194071857168e-06 2.656251229094612e-06 1.582344781270565e-06 1.1646006476258497e-06
268 2680 3.7436182625373285e-05 0 0 3.090925851741093e-05 2.527010017459557e-05 1.666915740019238e-05 9.037255680795771e-06 7.996814722026337e-06 5.469939991217747e-06 3.1701427103022083e-06 2.4665595005647125e-06 1.4930433919707441e-06 1.0766497414232451e-06
269 2690 3.600905239927954e-05 0 0 2.996103032855338e-05 2.4185300812830123e-05 1.567613720787764e-05 8.961090332981654e-06 7.690584876348172e-06 5.161232118009625e-06 3.0158842239581965e-06 2.363606696268451e-06 1.4378134894451873e-06 1.0391696550851563e-06
270 2700 3.383030179830579e-05 0 0 2.73322082005987e-05 2.2502270071204308e-05 1.4313144914378979e-05 8.253851399179393e-06 7.158871473200199e-06 4.911649219107306e-06 2.812387217967968e-06 2.2309145155912734e-06 1.333993488012505e-06 9.643749643721982e-07
271 2710 3.2273076354610935e-05 0 0 2.5110803539914215e-05 2.153552321831278e-05 1.3576062813185327e-05 7.789879843111656e-06 6.7233326300837636e-06 4.7361484136146855e-06 2.5916430207788875e-06 2.1997857909216583e-06 1.2608767463875875e-06 9.305831560805886e-07
272 2720 2.861215288440572e-05 0 0 2.2195295654118988e-05 1.8694440175405715e-05 1.1360030879969146e-05 6.860747093288279e-06 5.947235137496923e-06 4.257116310727383e-06 2.3179357943064793e-06 1.949083178561271e-06 1.1009776435143358e-06 7.992116792993545e-07
273 2730 2.6993186906565502e-05 0 0 2.0577707871333167e-05 1.736668258790598e-05 1.051362325274785e-05 6.39285734919935e-06 5.644656505982003e-06 3.989679320830543e-06 2.229674756825977e-06 1.8584350116619869e-06 1.030910437013076e-06 7.482103187968958e-07
274 2740 2.580525741023452e-05 0 0 1.9249034551388905e-05 1.699331177358697e-05 9.686609763881752e-06 5.925194660698835e-06 5.455590792555303e-06 3.7910602467388575e-06 2.136646460960433e-06 1.7570327726397805e-06 9.89111687461406e-07 7.019334420631633e-07
