% # columns="iteration, evaluation, void, void, void, xmean", seed=56374, Thu Jul 25 12:03:47 2019, <python>{}</python> # scaling_of_variables: 1, typical_x: 0
1 10 0 0 0 0.4592755045855113 0.09061349362279039 0.463571946196397 0.5055333622346481 0.06524229582364666 0.8305307507458592 0.2809221856079207 -0.1616014424181617 0.00295792989742677 -0.11526782031701105
2 20 0 0 0 0.6087356615319911 0.19459258943509378 0.5734623335302849 0.6470121386364847 0.047055979440948324 0.5735311975507993 0.05327015378363806 0.24613894392603153 -0.19451314408160406 -0.05244548890862348
3 30 0 0 0 0.6290708265718312 0.4599254022223727 0.5608578407937417 0.6316331663424433 -0.2098708935545667 0.31524968751167587 0.05798270074603662 0.5626346047709772 -0.054600965945609786 0.0016076372239166928
4 40 0 0 0 0.7741451735980819 1.1217856854253703 0.49821095809239174 0.31535609736221937 0.16597212472471892 0.11854964135108514 -0.0726362203008109 0.6384557397953219 -0.05325159120090884 -0.011974162291498069
5 50 0 0 0 0.6974239895681551 0.8928481929055181 0.9939941883817869 0.3381034768049067 0.09788352447847064 0.20920701263211125 -0.08011289266438122 0.5449660102132096 -0.27502360346772026 0.0048386427239269295
6 60 0 0 0 0.6247154422046375 0.9763550626524085 1.1687836928567559 0.3620970626259812 0.4088647101126721 0.3853251836503036 0.09376703163524779 0.40490363517540123 -0.18723291875026096 -0.013143895028751927
7 70 0 0 0 0.5181869592169437 1.1064766117372757 1.159583790475156 0.007371778119533268 0.30839901766559424 0.5822346875619508 -0.02533722228447413 0.22038701093583773 -0.11305877519539566 -0.12627879766180944
8 80 0 0 0 0.28717878285314835 1.2183235873462985 0.9294334289992894 0.2015931720768318 0.2831046116230968 0.43899309342355564 -0.12424014424462947 -0.14773174149488594 0.014402792736222456 -0.03377643316974188
9 90 0 0 0 0.23346482348820208 1.169605288171237 0.9122063394181562 0.37587885942008614 0.28454441704939154 0.0003914090467380671 0.20090358449741924 -0.064002202536152 -0.1719022029559491 -0.01994403344881526
10 100 0 0 0 0.560278175244769 1.0860202236311425 1.0165903530240055 0.3686408615259552 0.12384665131980144 0.10463926639608653 -0.02046730776913347 -0.1912880669389868 -0.10695898310751059 -0.13258247162320133
11 110 0 0 0 0.9358307170476426 1.2774153783183186 0.9718330026723925 0.36047401202132046 0.14564405138770228 -0.221258190926904 0.0660505736100452 -0.17939409352122382 -0.1558509725645269 -0.11775396272738711
12 120 0 0 0 0.7180123156177471 1.111982027203582 1.244093617602546 0.4886741218154034 0.2525875547985638 -0.026352069928424926 -0.19515047269114005 -0.20197731806379982 -0.09899544347688705 -0.043928973287105905
13 130 0 0 0 0.5939955937881575 1.2196619159346545 1.0638613385007945 0.4098552938058062 0.24264672956532907 0.05215913892218002 -0.35323740726149505 -0.12078525124373422 0.07501948393938865 -0.05194166015107004
14 140 0 0 0 0.37485210261171964 1.3445011123797994 1.1816408430288736 0.3684902780465643 0.3183946511635832 -0.13029674159853544 -0.46816111112450093 -0.15931939645312687 0.08066618944726223 -0.0844310734007323
15 150 0 0 0 0.5065223949023163 1.396851810033257 1.3706919698138047 0.42819867304736114 0.06540201171137794 0.050825943666665874 -0.43946951535500317 -0.27674146537323985 0.11877456650635847 -0.023132349951596673
16 160 0 0 0 0.40851350847412876 1.470215400214197 1.27878703009103 0.36061097774631223 -0.10265594610984916 0.050766333667477896 -0.37396925266320535 -0.1007374343082938 -0.11237135082758538 -0.023790809159539086
17 170 0 0 0 0.5070040839628068 1.5314992422936147 1.0595348859598526 0.3203616454074456 -0.056704576536625556 0.07173506190092234 -0.26823036977024545 -0.08642135732653568 -0.08249008108575116 0.007744300282960588
18 180 0 0 0 0.6820663091389622 1.4488909030225434 1.1609669899987158 0.2331370059255978 -0.1133441397159194 0.04859148587408448 -0.5302351109359804 0.046436395780003456 -0.055977376637770075 0.005007317149957308
19 190 0 0 0 0.6026765196693402 1.3634818715996184 1.188343851507777 0.3066197309475909 -0.25051411728955114 0.09274463029765122 -0.3286374084418071 -0.06659270283633245 -0.0781105124450977 -0.061981605628735004
20 200 0 0 0 0.5123000984182412 1.339360481656343 1.1376866914662955 0.2682953614400607 -0.20356401146119174 0.06130990848591912 -0.3489871691651355 -0.1132369211549401 -0.09649032363884778 -0.05809629087246046
21 210 0 0 0 0.47428235382645945 1.2816782693067084 1.2180761344424094 0.42547077969503627 -0.19884226142895617 0.1252791420058347 -0.34902089452471385 -0.13907415159078004 -0.03511870334956674 -0.060068601067159624
22 220 0 0 0 0.4858474522973606 1.276705765536377 1.135759353437377 0.5283407444566113 -0.112513148139974 0.16298398086383672 -0.29291632229113507 -0.23334075086808184 -0.05807820699996655 -0.04884683587024115
23 230 0 0 0 0.442606066740858 1.2111280461019842 1.0958577100685 0.5783974383273599 -0.16081875556717262 0.23839687948839736 -0.11625430605499606 -0.10812330749391533 -0.05389904672608534 -0.025437958973288672
24 240 0 0 0 0.3986655853284976 1.2998939152504545 1.1766067726021092 0.6786350345987743 -0.1556412763393943 0.12191520426632489 -0.09617034482079573 -0.04616097232915922 -0.052446353252279435 -0.04843886345209493
25 250 0 0 0 0.5293056462067656 1.3102969461120673 1.229980100956318 0.663499594881746 -0.270445873131273 0.09184150360666499 -0.06422752864095217 -0.06632439562989433 -0.022400522468259663 -0.03038054554030771
26 260 0 0 0 0.5375688188978037 1.3830824802769186 1.2322512326075725 0.5513880928739069 -0.26504155715590066 0.0549764414692757 -0.13109312118310779 -0.05608803499921705 -0.05857600517206088 -0.04234242555774943
27 270 0 0 0 0.4682802526128167 1.4787186674593031 1.2054685795996563 0.5237903179133153 -0.3059046721058124 0.07293350060911719 -0.07806578110383587 -0.05405480210263968 -0.028171189468456963 -0.06202972115110821
28 280 0 0 0 0.5156838107486436 1.5375668679639172 1.233904175414662 0.4841531215423392 -0.15330869549298878 -0.08866102605686621 -0.12136457807224489 -0.05186054455955369 -0.07368939827710695 -0.06850478987002297
29 290 0 0 0 0.5611290951545067 1.5631644275761694 1.2416643069665414 0.4021737863198843 -0.021959300430102247 -0.12171562204787861 -0.08990695956502784 -0.029267395371817682 -0.052578965307315095 -0.03795574551077265
30 300 0 0 0 0.5661006229494142 1.4217685030289244 1.3167119708238886 0.42074952855391795 0.04341377975091276 -0.07065154209743317 -0.07982891644496544 -0.04719132706244759 -0.07492166000223711 -0.039915560101645334
31 310 0 0 0 0.7105548827015358 1.3214220537847603 1.3943876359689604 0.45736243416036015 0.012645148497016485 -0.06154670170511713 -0.047390135411761 -0.027864079866014982 -0.06265836587071978 -0.050545483304568456
32 320 0 0 0 0.7496342861922962 1.3425573870752834 1.4492627016219115 0.418102791865462 0.09065701889312247 -0.06031715122681623 -0.04617008380297472 -0.060950521670893335 -0.08209451058971912 -0.04232182721916152
33 330 0 0 0 0.7962776213168319 1.433568765184067 1.4278641025141383 0.4170593151021092 0.1349353687025718 -0.06005768182608307 -0.09327043093134632 -0.046191785094023094 -0.07792016801918718 -0.046197457437540446
34 340 0 0 0 0.8123379591136299 1.460922858274817 1.3465040740748087 0.3465101756744512 0.03280260160293877 -0.06782840224328267 -0.08760074836376468 -0.045402434675305726 -0.08277643643316439 -0.052814492490103206
35 350 0 0 0 0.740797447407366 1.34977048384192 1.3105820823869443 0.33084734612206174 0.02399253565007046 -0.016852647231109755 -0.09984689108758127 -0.07468223481997376 -0.08227913848796599 -0.054187259027081665
36 360 0 0 0 0.7969579189771588 1.377513894112092 1.2761627152135475 0.32979089810673945 0.04377646434032555 -0.06498025551186815 -0.0821823640406985 -0.07654436813468599 -0.06862663266717943 -0.07179131096781845
37 370 0 0 0 0.8191088708461063 1.3419752102385003 1.3289446604164654 0.3358550085687043 0.007591477881648122 -0.07437101416396097 -0.05415285610972911 -0.07092718323540456 -0.07374476658221382 -0.062130439816121485
38 380 0 0 0 0.7635898735940277 1.259632603021332 1.362453499878268 0.3557750751331421 0.03553166291848892 -0.016753774172659025 0.001619705440573889 -0.07036590187290342 -0.07604600536611414 -0.05583150585199964
39 390 0 0 0 0.7267592338447524 1.3360307355109609 1.2861138238660925 0.3344742442817877 0.010160675917437294 0.016204589859978656 -0.031041895279164934 -0.06325405952046836 -0.06411877381690903 -0.05921505002104117
40 400 0 0 0 0.6761706214683942 1.3199537999847002 1.3625517739776094 0.35051685020863016 0.02716220008853931 0.002086419146630507 -0.05338956961412534 -0.03730651088620836 -0.050415078683317696 -0.05793809244211814
41 410 0 0 0 0.6558190104535441 1.323714870077876 1.3246254006235771 0.31508745310027414 0.026230668256273564 -0.04894531826986052 -0.04640357064751165 -0.03395625566974271 -0.028766007738943982 -0.04652438973430534
42 420 0 0 0 0.6544077092426538 1.4068022262502429 1.2811770006411773 0.2649389424103639 0.009188486585477766 -0.07412843613898439 -0.04429446283073727 -0.02969710374343488 -0.05219222466279327 -0.03603148072300333
43 430 0 0 0 0.6482633011424216 1.382266545410251 1.3259046858624088 0.2495658222165861 0.011625136400777452 -0.06478731937127984 -0.04448588802813956 -0.03422595059331117 -0.06034882844564059 -0.039992604776806745
44 440 0 0 0 0.6515627050725751 1.381766986321436 1.2839633946832711 0.25750908018556895 0.007580707772496633 -0.06017146848460091 -0.08035389363077003 -0.050653292364457286 -0.050995734902955774 -0.03810051965697285
45 450 0 0 0 0.6523201130583264 1.3808503785130894 1.2718490982003061 0.2057757422921361 -0.03488893223083545 -0.03590568240355298 -0.08768475917158354 -0.08051179466407554 -0.03957911787505947 -0.04314049643876224
46 460 0 0 0 0.6365250426627577 1.368095632087778 1.3081163850187467 0.17296851804579655 -0.021577294609894097 -0.06336078823209196 -0.052562056221472184 -0.07429523078892418 -0.037855540646944616 -0.041854540181144886
47 470 0 0 0 0.6441755330385798 1.3693134041836528 1.2905624443038575 0.2116059018317333 0.00039068326503309894 -0.045834131167180006 -0.03196367041547562 -0.06048574245925411 -0.042384325194595375 -0.04733880906931486
48 480 0 0 0 0.6380205534302669 1.381552110987399 1.2697347346617511 0.17377165347310258 0.016786688923436023 -0.05998186617577921 -0.066220909563702 -0.051426523222369167 -0.04768707574089383 -0.04010201816438578
49 490 0 0 0 0.6864439941329051 1.3942312433748754 1.2418238139266444 0.19874937172682458 0.0032159315731611036 -0.04630606674341826 -0.06589205756078433 -0.033054855390887886 -0.045669562093617666 -0.04050743659077581
50 500 0 0 0 0.707418448362895 1.4018718368604282 1.2178856383188998 0.2207709927366729 -0.018784989454669186 -0.07936652729687152 -0.036781791389403906 -0.03420503586946525 -0.048995820334902976 -0.04299568472122688
51 510 0 0 0 0.6643933175201735 1.4103198647940192 1.165184938850722 0.21360523990874752 -0.01928515577228906 -0.05539406339209551 -0.04043332881072456 -0.03266660142232924 -0.043479905837053655 -0.04261399920222434
52 520 0 0 0 0.663092994892755 1.4232980589739668 1.0993063268438616 0.20104363793653954 -0.02416909378227908 -0.09113880757423262 -0.048499117226921226 -0.052728359092995065 -0.04632500229423985 -0.04854614213787784
53 530 0 0 0 0.6323230174527255 1.4278460273913216 1.0729075412203972 0.15459187953975267 -0.020923701269569626 -0.0790258623045169 -0.050509922554691215 -0.046826680107705174 -0.037949947163572806 -0.043111683801171
54 540 0 0 0 0.6067688632456913 1.4058816559045995 1.0331084433237656 0.15156235260626671 -0.04927116933756734 -0.08838004866019974 -0.04638257446296289 -0.03980587511721782 -0.02802578042182539 -0.05029070303161236
55 550 0 0 0 0.6196683847647595 1.4109602180360568 1.0467891868739996 0.08900046360991135 -0.04675820726751323 -0.1000205019804306 -0.03599426677774966 -0.0507083183823716 -0.0322446533766411 -0.04666711898994192
56 560 0 0 0 0.6278319837136613 1.394838448246057 1.0245595148118194 0.08368776732353023 -0.06524682208981306 -0.045062515111881384 -0.04826843328397478 -0.06054948626501017 -0.03537333879226642 -0.05097220056959222
57 570 0 0 0 0.6676597843738336 1.3822302773645303 0.9927956603532534 0.08563168443288416 -0.04209068136964361 -0.030418550692257938 -0.050566100497542475 -0.05280364186077342 -0.04616211289092673 -0.05564674440724002
58 580 0 0 0 0.7047039612456611 1.384080371034204 0.9520732865579902 0.045051285351937816 -0.07833187267190059 -0.03059522460812012 -0.08047505122013682 -0.045172980073097245 -0.0435392097567264 -0.05298708089720092
59 590 0 0 0 0.7297115861017711 1.4304138100092358 0.8312532772838139 0.005132806871681959 -0.0678743849873173 -0.07855509962134896 -0.07295806755925965 -0.07012206249101885 -0.04851437536599388 -0.05707967147714849
60 600 0 0 0 0.7536190808169344 1.414326268803179 0.8377956617919755 -0.01393476876728856 -0.08222706131202408 -0.06298822181153825 -0.0831641372991934 -0.08132277547483337 -0.04675592589912361 -0.052616751268587426
61 610 0 0 0 0.8134560502029703 1.3895770274445618 0.8742039100471988 0.00313608822305933 -0.10883411300331867 -0.08147114052845238 -0.07109552864645458 -0.06863542328990384 -0.05102792802190923 -0.036799908222776255
62 620 0 0 0 0.8265797934509634 1.3842248850742447 0.8132797783073269 0.01103501801505565 -0.1421696579809476 -0.06487501937181415 -0.06924606105388659 -0.05105733754748513 -0.04886600343668186 -0.046011412095873894
63 630 0 0 0 0.8689452649703456 1.4125419842136313 0.7011830930762168 -0.0502267928306192 -0.14711346366625813 -0.07016074045616631 -0.059460759186620166 -0.060701859294151735 -0.0460421918820669 -0.050599249220354615
64 640 0 0 0 0.8149380968340658 1.4319711885895234 0.7951548593857266 -0.016409435075183935 -0.13576166326676237 -0.026232728705948956 -0.05109977801264025 -0.05664895944480818 -0.046552687074333514 -0.04506117229526544
65 650 0 0 0 0.8900319666355391 1.4429386341723212 0.7527000309696923 -0.006964927941000851 -0.14329267611274035 -0.046113840024559594 -0.02879352191656414 -0.050537460461105334 -0.051248701816910554 -0.04395626367448401
66 660 0 0 0 0.9151881762199487 1.425204963068014 0.7101958673912713 0.02567278595672927 -0.1437366830080929 -0.056137563326168365 -0.023848072974606713 -0.03962970862785382 -0.041595698179681735 -0.04372744651197999
67 670 0 0 0 0.8748342754204504 1.4637517465125012 0.6482638588531735 -0.016151461790990473 -0.1532418884408812 -0.040680004333297264 -0.025452571374599744 -0.03634032799937809 -0.0368937926312071 -0.0503837356820703
68 680 0 0 0 0.842439091654191 1.452410603453391 0.7084446787016384 0.04460863483430338 -0.11274388083159595 -0.020045999833385352 -0.03343842440366732 -0.03950951318549221 -0.033364168134524634 -0.04529858894468745
69 690 0 0 0 0.8999355521968666 1.5090462557581759 0.6339913200624225 0.009139001482234517 -0.11084211003601797 -0.03497922621958802 -0.026596481654887566 -0.043116003647879195 -0.040328123483518254 -0.04400899070698207
70 700 0 0 0 0.8374852190842286 1.523286790032433 0.5555143692637752 -0.004395191372208753 -0.11368495896259538 -0.0468222127180308 -0.04296663421831666 -0.03404123056055555 -0.03334083398802597 -0.04828244775642496
71 710 0 0 0 0.8601901440999823 1.55090830577926 0.4960645559021866 -0.0172019866433233 -0.08079909996057644 -0.01985839109549932 -0.048641921578211005 -0.02919195193431568 -0.04063389514766589 -0.05126625412531996
72 720 0 0 0 0.8934738275952913 1.5808878156266688 0.3903965754889023 -0.04523097665787628 -0.08035289498859427 -0.0017506861803920915 -0.04051645995997849 -0.031525006580044736 -0.03450572623748439 -0.04990192075098347
73 730 0 0 0 0.9151435313277082 1.5463107922047994 0.34605863431753736 -0.08997503765863515 -0.06445288757897373 -0.013642407386779099 -0.049015445361634664 -0.03905719275124823 -0.0314797075573455 -0.0520232388394558
74 740 0 0 0 0.9682211723655099 1.5344888254403912 0.35360794158361525 -0.08354468262733486 -0.08656070980281971 -0.0013113363492134027 -0.039172105295489874 -0.047301874614927804 -0.03436845979827055 -0.048104581723182216
75 750 0 0 0 0.9972861780104662 1.5536705271914886 0.36369899776121545 -0.12505818022379267 -0.03799073358611639 -0.027115049028048496 -0.04880567933048506 -0.046884132538494716 -0.03522228731752221 -0.04466166030858691
76 760 0 0 0 0.9687484778610628 1.5586915628053049 0.3679406009440674 -0.09521845715140333 -0.023643807284931963 -0.0494833439073765 -0.0530797231211036 -0.05444436353091949 -0.02666248304645637 -0.04813593638038796
77 770 0 0 0 0.9388114662078856 1.5630852778283744 0.31986790171295004 -0.1192759546493566 -0.011772901590530103 -0.04085987574186091 -0.06326769715320821 -0.06393329534175538 -0.03583992095591106 -0.05301378246005306
78 780 0 0 0 1.0016734236398859 1.5594939465158573 0.30689396506032784 -0.16970455993486885 -0.03605027613290956 -0.05041796646318544 -0.054837990592748305 -0.06129231237492652 -0.03282960658291696 -0.04901973572098323
79 790 0 0 0 0.9853398090215947 1.5234233673031132 0.3667378902674614 -0.15918687939684545 -0.010086046066169679 -0.05486939539371488 -0.0513943484837687 -0.06338325990384949 -0.045025810448446765 -0.0504789238464969
80 800 0 0 0 1.012683113772964 1.5013681625921762 0.33851690350044217 -0.1793060696526012 -0.058309633012537096 -0.06331675489811951 -0.04404475426541888 -0.06394436270250237 -0.043394457966769544 -0.05270679993880049
81 810 0 0 0 1.0229558418727682 1.49560755377417 0.357625552098777 -0.14656835917750966 -0.06190092590904421 -0.07109844049204388 -0.054691916325508544 -0.06030140748890445 -0.041080151046582754 -0.05301206790571106
82 820 0 0 0 0.9820413000373723 1.4813379560126119 0.31673847301251185 -0.13107285799586335 -0.05956918644495319 -0.0560522242581887 -0.05947589284134678 -0.060282452211740535 -0.03878624672792274 -0.049798457802410365
83 830 0 0 0 0.9904087855361489 1.4517924558123756 0.2944610801778597 -0.10701433762354802 -0.06384486044978145 -0.054246067962613484 -0.03277914939212502 -0.06255849401605665 -0.03810252119226689 -0.05389239517443108
84 840 0 0 0 1.0042223983804817 1.4430375065495304 0.2537202767902935 -0.12052565443217855 -0.041950990673744644 -0.07351820882199583 -0.022434405982061506 -0.05596385188830121 -0.03875010595319865 -0.053080158386002774
85 850 0 0 0 1.0194367968850884 1.4216587546557875 0.2062614587589123 -0.1401867606442536 -0.06088274750615375 -0.05946388060706167 -0.026181997774182758 -0.06070271900496361 -0.042269542121063264 -0.051920075709787725
86 860 0 0 0 1.0318905155639153 1.3876510438981917 0.23693658958738173 -0.1464281376051131 -0.04367493874892515 -0.05158380662910085 -0.03944408463312304 -0.06881196965329632 -0.04599097310516604 -0.05247499464716984
87 870 0 0 0 1.0050621613050184 1.4110976930994377 0.23755731594996018 -0.12347950901452971 -0.05166013292567746 -0.03412056281364826 -0.03672530028910124 -0.059983744062068405 -0.05016370215397168 -0.05395915096088995
88 880 0 0 0 1.0625931099181047 1.3718211604392794 0.13326117349683453 -0.1627164686540811 -0.043938917672760744 -0.032735804413867274 -0.050126642411755795 -0.06329541543850566 -0.04671005103607419 -0.05186986677875506
89 890 0 0 0 1.0207601099496322 1.349917214760268 0.16563504081057767 -0.12572923093166527 -0.06103877514120945 -0.03406841752855092 -0.04078860023656803 -0.06546168748245071 -0.04353446042888735 -0.051365874449088446
90 900 0 0 0 1.0187310688852134 1.3207927401559938 0.14647180004736396 -0.16127266993244663 -0.06610210955420727 -0.023839467741255567 -0.03515083947087821 -0.057681802814614706 -0.040177605165213945 -0.04674301506080747
91 910 0 0 0 1.057445588705835 1.2943181431157658 0.06474600890717246 -0.15589137552000149 -0.058178560098345 -0.016768464061236544 -0.05547513472391343 -0.06099990139491718 -0.03946660882324191 -0.046811988121660576
92 920 0 0 0 1.077365565686756 1.2998352556878534 0.15160028186194213 -0.11642153361750464 -0.09902129215469356 -0.028603952183541753 -0.03826863031448238 -0.05496434277296695 -0.045569848788571655 -0.04988462929589572
93 930 0 0 0 1.0566572016687996 1.2564644527298874 0.14780863829157076 -0.0988235488566478 -0.09154359540656147 -0.03430755331341918 -0.059978486785891724 -0.0526450084465968 -0.04813628196794489 -0.04712038598548915
94 940 0 0 0 1.0675503980841736 1.17774003804385 0.14073140823938673 -0.0962894143605433 -0.07919042683084832 -0.0177330848072412 -0.05103148917553558 -0.06717817778602701 -0.04499549044433959 -0.04429240485879803
95 950 0 0 0 1.0967266299402179 1.0862890240501017 0.18887129926657395 -0.06445016006131316 -0.09316875170309594 -0.010177186126500823 -0.04466929033929972 -0.0751241811318913 -0.047225035463978195 -0.04468827494983463
96 960 0 0 0 1.190041668086513 1.0792396732816794 0.15501835440430892 -0.083429866607666 -0.09336402741550226 -0.028555961988320652 -0.05659100550312976 -0.07015549581444314 -0.05461343730331643 -0.04478746994193081
97 970 0 0 0 1.1363413078323894 1.0542592408501739 0.14920430041131866 -0.06479342271099332 -0.09572374899318692 -0.031661007394908965 -0.07127901046499957 -0.0628137197570051 -0.05579322941297786 -0.04414420797272279
98 980 0 0 0 1.0690687616470231 0.9296397731564263 0.1290335668677117 -0.0560310838995584 -0.09862429935765342 -0.025111275141348366 -0.04383780035250104 -0.07059477168938716 -0.052147671521517 -0.048200988021013295
99 990 0 0 0 1.0428795168660716 0.9496985046623738 0.0474758235512823 -0.06700775265051483 -0.04383744273225955 -0.05501329839308673 -0.041923084015727384 -0.0699406697349497 -0.04788180786333821 -0.05154738777430122
100 1000 0 0 0 1.0904419556298848 0.9323334242542286 0.10272542632196284 -0.060077449695673545 -0.06547064200143038 -0.04262461272267898 -0.03025990237469464 -0.06290152398341076 -0.057300756793413406 -0.04512069919704384
101 1010 0 0 0 1.080963795887525 0.8675623472089993 0.07876116897226285 -0.032343313180453206 -0.06547757040787047 -0.04652840419952455 -0.0359873770016572 -0.047256019699367054 -0.05379666035177043 -0.04155553685996991
102 1020 0 0 0 1.1007140253660606 0.8539874844394092 0.03830409087358825 -0.020340006535562165 -0.06747309421920722 -0.06384823284390807 -0.028056117462524482 -0.046846037654163356 -0.05259124559172864 -0.04762331258004992
103 1030 0 0 0 1.1915394108940494 0.8328411272261846 0.0381009745890956 0.002351859990079721 -0.03831139854663308 -0.054837827101383525 -0.033728937691735524 -0.06802220664217204 -0.05010954077742628 -0.05519552593286197
104 1040 0 0 0 1.303019818161296 0.7573334564579111 -0.10634558404953685 0.0016851604938727645 -0.062170964666412615 -0.01312863536706764 -0.059920474573436994 -0.07415586246542658 -0.04099831990183156 -0.05493656578615489
105 1050 0 0 0 1.14787722985967 0.732723371052511 -0.05219075422149318 -0.02283149276398948 -0.017559391088859205 -0.017524295851860706 -0.039135704845259967 -0.07370096359579406 -0.049024124436799335 -0.049848154519458794
106 1060 0 0 0 1.334242786454645 0.7172275545488479 -0.09107097172150018 -0.028314724146539936 -0.021055322300323698 -0.015045710178705674 -0.04967555871436859 -0.06508205835237983 -0.046564771906809264 -0.05003179461809594
107 1070 0 0 0 1.2080893927690406 0.7127248935145293 -0.041071995744713104 -0.027911308546093378 -0.01148510908653935 -0.034429837374408453 -0.04764183415735093 -0.05353789786570052 -0.04814383595753523 -0.04894948628726772
108 1080 0 0 0 1.2396794907132442 0.676611945706605 -0.0784693144918666 0.015306681026943925 -0.022976175477758074 -0.03608227498713728 -0.08100070960999584 -0.038028577765630026 -0.04884694691218483 -0.04853807149050614
109 1090 0 0 0 1.2144140621449755 0.7408017027021367 -0.04946810570085971 -0.023707746396696105 -0.013960085940612673 -0.04887068387849199 -0.07036725957637886 -0.03418736525394349 -0.057363567307329756 -0.044397131762581546
110 1100 0 0 0 1.211367301828065 0.6725453370363564 -0.1361991914971734 -0.019061030915915413 -0.003663593598765868 -0.08393594430518485 -0.0449394099872361 -0.03544408598797585 -0.05815223630595086 -0.04784855072228741
111 1110 0 0 0 1.184318070681457 0.5882791130908739 -0.08849432215232027 0.02111329787663914 0.012295600242189232 -0.0848102607834873 -0.04847673376512848 -0.037772004219975286 -0.06073508665020104 -0.04617033157309642
112 1120 0 0 0 1.1787764904088407 0.4759106582125204 -0.05870495909190035 -0.002070995052814179 0.002936173392751538 -0.08251695452704738 -0.0408361331480368 -0.045973504028965655 -0.06091326076220589 -0.04777276051255492
113 1130 0 0 0 1.1110283597377482 0.4240994599642933 -0.1084188928215479 0.006973783710789407 0.01424331960432238 -0.0857273492665031 -0.0316218416158929 -0.04882848456858503 -0.06263462666248881 -0.04630576859725334
114 1140 0 0 0 1.1826218363041199 0.33209348060791893 -0.18591844384488115 -0.0038686373275918454 0.017220213723783625 -0.08089350659211689 -0.024277582283813146 -0.052639405764715694 -0.059868522738992534 -0.046762749705532944
115 1150 0 0 0 1.1813798563750173 0.1974407179360213 -0.20841063208659208 0.02604906799803646 -0.01821058263591001 -0.07257703631072385 -0.02533157480051958 -0.05429266408795938 -0.05911529787425564 -0.03887286703181843
116 1160 0 0 0 1.1215184595822294 0.3010548792851034 -0.14383012590251912 0.03306581302770206 0.0198402772908924 -0.06757142656555197 -0.034803077093221065 -0.04432586918824945 -0.053063448595667695 -0.04654202934910381
117 1170 0 0 0 1.0482500773091992 0.4026372591764887 -0.15043458967578324 0.01620430343661689 0.0198851294463855 -0.05767530376427042 -0.031116823272249478 -0.050060344479650534 -0.04939830140101331 -0.05023722997419737
118 1180 0 0 0 1.0315108022320842 0.30326506042260126 -0.049614238957271906 0.01084239903017653 -0.006568269757878064 -0.05116922821516158 -0.02564147724234752 -0.055203852342146205 -0.043853803009552036 -0.043831584904224646
119 1190 0 0 0 1.0418044199659917 0.19256417540860385 -0.009318985845743998 0.003651408505733692 -0.001780218838639656 -0.04905387184041085 -0.04216078323782679 -0.05429587174476958 -0.042124874103868636 -0.04382261339635858
120 1200 0 0 0 0.9946730532182172 0.19216551928965983 0.029620991212121382 -0.016738000248215514 0.0076310260373862945 -0.06582354552484034 -0.056884324016601616 -0.04455678137148005 -0.047459849003006656 -0.03946047948079102
121 1210 0 0 0 1.071612786573063 0.2523001313212038 -0.04856293874111752 -0.032550354893209406 -0.018356111017267016 -0.0773417868191913 -0.0506330440983703 -0.04823833473403331 -0.04306774555509187 -0.04739416992121468
122 1220 0 0 0 1.0894467271886314 0.19671942985099974 0.03258473058862505 -0.048108772862332005 -0.04300264875636494 -0.07051640601194263 -0.040884576106029066 -0.04205589410952602 -0.050327319471146485 -0.04719735855869159
123 1230 0 0 0 1.1247174289596793 0.18370942761052866 0.027223735477951535 -0.028201822318736313 -0.008447807688529388 -0.06673477469286646 -0.033195578749106384 -0.04572230706859821 -0.051659045390706315 -0.04665115679996344
124 1240 0 0 0 1.164078446834992 0.17881909356579315 0.06613201871856676 -0.03504881978886622 -0.038776428182835776 -0.06732843881882027 -0.05977378927294045 -0.05201814416098439 -0.042803353093889766 -0.04503993044965969
125 1250 0 0 0 1.146997742507464 0.07975072234100325 0.08035489102090505 -0.04827039787370463 -0.06200742582970936 -0.04703771797132739 -0.061296215687355396 -0.05060572975726973 -0.04076899162416316 -0.047468838554192774
126 1260 0 0 0 1.1779533932751782 0.11451270070008854 0.07738492178591212 -0.036353814735194015 -0.0272004873540206 -0.061282029566172305 -0.05783213204259421 -0.049572670245920054 -0.043840330215463075 -0.0484873036818755
127 1270 0 0 0 1.1301724488092515 0.09593796726611074 0.062102574912035254 -0.033181032306389566 -0.03318580018660567 -0.07673144232757058 -0.051190237685170545 -0.05169741353953767 -0.047012968384500045 -0.0520490282573687
128 1280 0 0 0 1.1013704685045214 0.05713090171349878 0.042185773513683106 -0.03807531962735696 -0.03400216985717668 -0.06351148236579504 -0.0585700378714493 -0.049037445707343724 -0.04864369093113728 -0.053331471945288714
129 1290 0 0 0 1.000192304827084 0.03225097803856114 0.06268465157918555 -0.035063692233741464 -0.029891209986589763 -0.06479897122976987 -0.047313780566895974 -0.05027159480018999 -0.04653134691001392 -0.05194316459413434
130 1300 0 0 0 0.9955569468743752 -0.007620771409824784 0.04188206207288813 -0.022024515416776268 -0.026522333501033876 -0.06844490793326251 -0.03295469603836938 -0.0574862852230595 -0.04659651794234627 -0.04960767667735759
131 1310 0 0 0 0.9629845336829331 0.026380579434128068 0.00667768538026569 -0.023308170097699404 -0.036982865197291104 -0.04940419313234465 -0.037979345068356776 -0.06243449894138837 -0.04694819278161348 -0.05059304010815784
132 1320 0 0 0 0.9395106883527675 0.07498331445638956 -0.00682423793959832 -0.030315988482259235 -0.04530620704508927 -0.050871692841584715 -0.04320195221127581 -0.056278082528160675 -0.0422526301476744 -0.04783365140448535
133 1330 0 0 0 0.8368224900089734 0.10537437546715857 -0.04417832988480881 -0.02544188573753943 -0.026468812403547648 -0.059295698646733674 -0.04349244670788947 -0.0540424066386193 -0.04127400540690864 -0.04933693979819313
134 1340 0 0 0 0.7389480428599845 0.057513937027525906 -0.035952236625980065 -0.027301415211277283 -0.028713278336087517 -0.03393452531124688 -0.045536306020155 -0.05563519189585855 -0.03973743051586961 -0.045530471371165976
135 1350 0 0 0 0.6937705337546897 0.09220430293723572 -0.02529582229447431 -0.024112461135747117 -0.020874530878597548 -0.02395301763810923 -0.048019617139726606 -0.05390676053715645 -0.04553211278312446 -0.04564969710418449
136 1360 0 0 0 0.5915581851189129 0.07674015436384751 0.0112123045560159 -0.01773362213807395 -0.035599434852400615 -0.013984594682675273 -0.05046615413968494 -0.051354351708042166 -0.0497498945842413 -0.047531959656021534
137 1370 0 0 0 0.6125900575561003 0.05554461333974025 -0.003250438360152246 -0.031402051029483555 -0.04181501127773635 -0.03812162974489298 -0.04620060250030508 -0.05186362382495878 -0.052397748556278656 -0.05094747771416552
138 1380 0 0 0 0.5116101367699081 0.00030882197104534215 0.01473157072123351 -0.03539216075129826 -0.041847149832851045 -0.030301895500826948 -0.04690939318737407 -0.05322417187975253 -0.052437316620838455 -0.04764816854481973
139 1390 0 0 0 0.5411642506064573 0.011879341485384644 -0.029747117620658285 -0.020529923689205413 -0.030137575101671685 -0.03239304477167651 -0.05073919949187096 -0.05606732434435016 -0.044735526784653624 -0.04923423949171487
140 1400 0 0 0 0.4281512571071556 -0.0016170204384371636 -0.06485159318277971 -0.04361846429499556 -0.034639309327397665 -0.032468326383444886 -0.03177618143656155 -0.050458967334312856 -0.048734075282782924 -0.04653505870291362
141 1410 0 0 0 0.37351382605513034 -0.0474481529180712 -0.051009671683659906 -0.07247606859978992 -0.06168780677613296 -0.04167624204673943 -0.027910724128550658 -0.046524115131269625 -0.04776334006901512 -0.049941251898442125
142 1420 0 0 0 0.19844423562555255 -0.03244975260841016 0.010400889358940305 -0.08336370101716552 -0.04829336012269295 -0.03276062282176954 -0.04512789031530247 -0.049584231895946906 -0.04466497421019977 -0.047161845190897216
143 1430 0 0 0 0.13582623601362348 -0.052549773607979085 -0.054366518721404786 -0.0851484998890823 -0.04148414774706282 -0.03761477639693025 -0.045577384918714825 -0.04644624944399766 -0.045337464859245585 -0.04652550803447638
144 1440 0 0 0 0.1573013701881004 -0.10461645824665089 -0.04532953630341245 -0.09297878762858189 -0.03183091086514453 -0.04193393025374691 -0.04699627014057923 -0.04649663600827477 -0.047295142839341095 -0.04778063393329426
145 1450 0 0 0 0.25766882332152613 -0.15050892257592483 -0.05802380313854259 -0.046485762722174 -0.028616254420513857 -0.04167751894474238 -0.0455376472097098 -0.04659058255172338 -0.046368285904250614 -0.04677258562945389
146 1460 0 0 0 0.2388235692852304 -0.14142105491724183 -0.01722156007371349 -0.040627372812472744 -0.05335903448534786 -0.04564400937606837 -0.04766603356524959 -0.046021862411149715 -0.047144915560282274 -0.05015505228690691
147 1470 0 0 0 0.15556277787100398 -0.11622952625409241 -0.03670603057724303 -0.040614798334658114 -0.07207163279034251 -0.041404935597418854 -0.04865957656925655 -0.047263807588724456 -0.04923591427841083 -0.04961702481535547
148 1480 0 0 0 0.18174754785394615 -0.08887598529697212 -0.01776129724288234 -0.015513466845298966 -0.05975485481836311 -0.040726663869159886 -0.04350849442871217 -0.04054187003621268 -0.047081634743368114 -0.05096686483312445
149 1490 0 0 0 0.1451940339718532 -0.04102529829222136 -0.03659997339459312 -0.028204793522147012 -0.07288636351479433 -0.038676283277113165 -0.03890499739557123 -0.04326189311554987 -0.048843098669809744 -0.0510602431145664
150 1500 0 0 0 0.1043910521514894 -0.05512896705806323 -0.054472250723569204 -0.017849220117914004 -0.061603232188841645 -0.03589370681051821 -0.044004949082290544 -0.04038941423901649 -0.05312133401229169 -0.048786928640877796
151 1510 0 0 0 0.03943715371614906 -0.06746609329755425 -0.08312748977190268 -0.018251114830010833 -0.05678523519656247 -0.03751296973506245 -0.042476181791462606 -0.04525338798439042 -0.047835854849611156 -0.04785422333312537
152 1520 0 0 0 0.03328604287994596 -0.05726540829551257 -0.07415759935916966 -0.024501440634919526 -0.0598018143930323 -0.03643313979789775 -0.04023503002318896 -0.047924957810935045 -0.04808322229340276 -0.04701508643362083
153 1530 0 0 0 0.09340276839992612 -0.08694243016748683 -0.02837021037182333 -0.0324609091758539 -0.053882672415978355 -0.03322803755727829 -0.04411678571705852 -0.048196810890844245 -0.04804692837201637 -0.04657873923333814
154 1540 0 0 0 -0.012977612526790139 -0.0740644740498886 -0.059503813218501414 -0.0241634031119927 -0.044502640910166605 -0.039111000242190365 -0.040521759381931775 -0.04802440628606423 -0.050944554869134025 -0.04583564539952835
155 1550 0 0 0 0.008560166447794556 -0.07171874686649553 -0.017599539151764043 -0.03497064346409441 -0.05520390098217317 -0.039758151847066776 -0.03858265823340027 -0.04672673440868277 -0.050244897631200276 -0.04668973989849963
156 1560 0 0 0 0.034581238681881746 -0.051128948575369496 -0.052078605303028686 -0.04203745420851719 -0.05562361025732424 -0.04019228078819276 -0.045301183024553944 -0.047757535746894175 -0.05064766207196815 -0.04802151319867821
157 1570 0 0 0 0.029270565317381734 -0.030377175643351278 -0.04892734024970525 -0.04498576615973131 -0.05569377538624743 -0.04271128397992055 -0.044338492378360746 -0.04702084412765236 -0.047817902857749596 -0.047961288051925115
158 1580 0 0 0 0.027599544737246653 -0.03364589761092731 -0.05551443635417196 -0.04504553912747359 -0.048300864942950036 -0.04129260997783797 -0.049825282915287046 -0.046850860855561845 -0.047301617481844416 -0.04893703059302219
159 1590 0 0 0 -0.040031488114527475 -0.05248124212339703 -0.04570934219135775 -0.05579231284351164 -0.04549691358574421 -0.04449244829024304 -0.04929461877107465 -0.046815361330548436 -0.04861325746304637 -0.04856488047775287
160 1600 0 0 0 -0.03094375572953104 -0.05658211987283311 -0.04806560061547995 -0.06082950549083799 -0.04329400712929275 -0.04886526113526821 -0.0471303775491067 -0.04570370347377291 -0.04885653978324803 -0.04854067937867411
161 1610 0 0 0 -0.03987690007921563 -0.056500751614203315 -0.06208992479419789 -0.06137667549790082 -0.034987822138225544 -0.04456859851603754 -0.04888243251113158 -0.04658127309724358 -0.04836090917578205 -0.04838220290883641
162 1620 0 0 0 -0.009907061271604359 -0.05563925250008748 -0.058846694517190726 -0.06023588457907834 -0.04258058581351235 -0.045558369756726065 -0.04582442540103357 -0.047535883049146056 -0.049133370679228426 -0.04859891998017517
163 1630 0 0 0 -0.026412090660748948 -0.03716809966324412 -0.06430764438100281 -0.06672865249348565 -0.04795115911987766 -0.04346561358389939 -0.050174651290298015 -0.0496612393353026 -0.047827467286808374 -0.04929840666863794
164 1640 0 0 0 -0.03670158210317884 -0.03059219271570543 -0.06659376671358566 -0.05701109417763175 -0.05043598457686174 -0.04887201683188179 -0.04829336199282182 -0.050027169822875 -0.04757782130046517 -0.050165576936187894
165 1650 0 0 0 -0.02373486420594478 -0.026934172253553414 -0.06086321767561045 -0.05303415673140884 -0.040858386041016985 -0.05057308949103752 -0.0508452742321326 -0.05091229821475989 -0.04774558769153906 -0.050215239456716895
166 1660 0 0 0 -0.04451573924072946 -0.0602083594302686 -0.05544969853178169 -0.052663443498332116 -0.04139581314737581 -0.04734401167467638 -0.049822611260421965 -0.05098033216510579 -0.04877524537130652 -0.050445885968701275
167 1670 0 0 0 -0.0664480752673497 -0.06844561136279993 -0.046483011271849194 -0.051820322646432854 -0.04179129030031844 -0.05133864493807179 -0.04765736282711307 -0.05082743109580474 -0.04880388863091471 -0.050738736778584544
168 1680 0 0 0 -0.02762414563225861 -0.07161846377401937 -0.02727447449209524 -0.05230669286407449 -0.04328293316776155 -0.046957912828573686 -0.0476277597590768 -0.04918413321818866 -0.04866921916938301 -0.04969777358811598
169 1690 0 0 0 -0.01759784019159273 -0.07229858176156824 -0.03637568594620715 -0.048794124417491314 -0.04039450216704709 -0.045259838717115045 -0.0455457007352371 -0.0499291020668623 -0.048606825771752425 -0.0503284122786707
170 1700 0 0 0 -0.012318801204011395 -0.05465582258514045 -0.04930723436950533 -0.054194586632775425 -0.04363066940521141 -0.046484429629126724 -0.04495582432523055 -0.04880492871669969 -0.04887669910335446 -0.049781052961849925
171 1710 0 0 0 -0.021324679280655887 -0.047501179943755474 -0.04256506412781979 -0.053898824476115006 -0.03910202339404323 -0.04828081338795345 -0.04624434752002583 -0.048687802672313 -0.04874784179790637 -0.05003959967259733
172 1720 0 0 0 -0.037762433051574694 -0.05599748502943786 -0.04332266801837131 -0.055597661937517584 -0.04116628253746294 -0.04865381746600533 -0.046871013126221876 -0.04799722565867882 -0.04880915515636872 -0.049837477193347794
173 1730 0 0 0 -0.02979657787951751 -0.057280159410546885 -0.04681014191327087 -0.05756326957071243 -0.04190509194565814 -0.046825947132266406 -0.04912863474075346 -0.04859675551350948 -0.048335488892023055 -0.049685750583074124
174 1740 0 0 0 -0.027605343853235143 -0.06162420938101911 -0.04594920618866299 -0.05296855191859984 -0.043093569066731646 -0.04814768027281929 -0.048140713936981376 -0.047662460986284745 -0.048969573167240196 -0.04992348903990602
175 1750 0 0 0 -0.02673780100602049 -0.0545355795202788 -0.04701975963339987 -0.056987629985895696 -0.04406311828182954 -0.048697184139294795 -0.04731048302015138 -0.0482050294565583 -0.048907631731164795 -0.04947197228514076
176 1760 0 0 0 -0.030991817762470977 -0.05782064113804014 -0.04637740813302517 -0.0563631304159809 -0.04492722901156504 -0.04941726967531762 -0.04747084424255371 -0.04887657776762666 -0.049247717210353724 -0.05004696279803439
177 1770 0 0 0 -0.038960335175766865 -0.05293283672421655 -0.04855158943542994 -0.05793648649020301 -0.044100683044861845 -0.04925053357800412 -0.047446517115015296 -0.04907123519161272 -0.04889454283508695 -0.049746871749755686
178 1780 0 0 0 -0.04275577117288019 -0.04804897755527964 -0.053281777311600456 -0.05723329524636462 -0.04483099401657768 -0.049855753484904966 -0.049497070355723274 -0.04965836184519817 -0.04937831117754837 -0.05001054844250336
179 1790 0 0 0 -0.04534724569787943 -0.05326232605530981 -0.053942405146349084 -0.05733226631815884 -0.04770213767404619 -0.050062373930241225 -0.04798050928468694 -0.04940071229676773 -0.04961346181718658 -0.050055147644517795
180 1800 0 0 0 -0.04209698114372308 -0.05771383852545541 -0.05281098395833972 -0.0582783694116986 -0.049264883354085395 -0.05040049942573786 -0.04783388931574135 -0.05004234474755877 -0.04996150710435841 -0.049749830472746906
181 1810 0 0 0 -0.04579512878767945 -0.04577499193613525 -0.047888069436069505 -0.057662445773286206 -0.046353605679078425 -0.051384967705854205 -0.04941370553261514 -0.05013627640291241 -0.050469187642555285 -0.04981513922458316
182 1820 0 0 0 -0.04198883084653909 -0.04668373924504583 -0.04616031418445801 -0.05245087668139421 -0.047634693091946144 -0.05224912082023219 -0.0507316210317179 -0.04962507847442359 -0.051054061288978936 -0.04986531990509235
183 1830 0 0 0 -0.038389414231489186 -0.0490103016903279 -0.04414943986551773 -0.05306932553550884 -0.04850770053774167 -0.052601213862159366 -0.04973145921571016 -0.04998010221558518 -0.05107829259611392 -0.04956078521124804
184 1840 0 0 0 -0.03251888010110473 -0.05212479691032844 -0.044023751676475556 -0.0530176017955669 -0.04882798710060936 -0.05178660391515832 -0.050343861888032956 -0.04973932262130338 -0.05058822306806904 -0.04987443338396975
185 1850 0 0 0 -0.031441882891088846 -0.05584566685909409 -0.04457442818296262 -0.055346926732299864 -0.04948779116183336 -0.05165069122896033 -0.04989826003374692 -0.04960278459557459 -0.05048161824837117 -0.04984170009658105
186 1860 0 0 0 -0.03621105434009472 -0.05191429952703035 -0.042783373727185686 -0.05274951793628925 -0.05040378206909417 -0.051093256928358186 -0.050747495840255036 -0.04924628062923497 -0.050443174224684674 -0.05001506218933541
187 1870 0 0 0 -0.04201500706967444 -0.054590147715962295 -0.045260646377796004 -0.052927517130925125 -0.05000723042571614 -0.05020039805501889 -0.050345484980865635 -0.0491583132301386 -0.05031340109471397 -0.0500900199148337
188 1880 0 0 0 -0.04484681956733717 -0.055982782815194476 -0.04627921168331534 -0.05316220207650992 -0.05143376538144654 -0.04980536251672321 -0.0498121464814897 -0.04957186448685091 -0.05032309242562623 -0.049984269070474305
189 1890 0 0 0 -0.04741283783790085 -0.055080674884227604 -0.04594187769216239 -0.052922774091460234 -0.05122472561301108 -0.04888595148100441 -0.05043047277870001 -0.049159563324197804 -0.05015583256712751 -0.05008775741045218
190 1900 0 0 0 -0.05579171372363275 -0.05810153768711966 -0.047078278080414905 -0.051815242335019725 -0.05089082968752921 -0.04868591941640387 -0.050735914706951664 -0.049284733366193226 -0.05001465529451512 -0.05013532907021485
191 1910 0 0 0 -0.05457189638903712 -0.05876539374675764 -0.0462746035068189 -0.05265458704604846 -0.05213583774555458 -0.04830360563435572 -0.04976968750484943 -0.04944428046841175 -0.0495915331458448 -0.050099088352627226
192 1920 0 0 0 -0.0486601270399646 -0.054621379116377905 -0.04698368288650272 -0.051074194803313544 -0.05085051960284146 -0.048142731720007007 -0.050471113851019586 -0.04932818144206962 -0.0494821447302241 -0.05020249958106193
193 1930 0 0 0 -0.041799540547779825 -0.05113910497750091 -0.047480939308673 -0.051482733088833464 -0.04997367861444241 -0.04853707157724121 -0.050854910526565385 -0.049647823787586726 -0.049700325055854234 -0.050189614284843996
194 1940 0 0 0 -0.047627308289685734 -0.051164238141943943 -0.048633367571599015 -0.05114419058700739 -0.050177017057547124 -0.04884588619497674 -0.050230571594490216 -0.049829375434772866 -0.04954668298453801 -0.049891957120104594
195 1950 0 0 0 -0.05035883773409147 -0.04738312742232657 -0.04959860447318706 -0.05110669437909851 -0.05071301355386662 -0.04936301491136146 -0.05014978152263157 -0.05004005051325893 -0.04953210890816881 -0.049977404013469354
196 1960 0 0 0 -0.04569435843100793 -0.0490592606762408 -0.05037439500459298 -0.05010424490793313 -0.049860541563905236 -0.04960368104938751 -0.05047216147204942 -0.0502187106497005 -0.049811014926493355 -0.04997915801735097
197 1970 0 0 0 -0.05060896467276504 -0.048335442339276787 -0.04980279034288236 -0.04960200523917399 -0.04941816459809582 -0.05048395084687885 -0.05034849313329484 -0.050166201979705706 -0.049985690450746995 -0.049934381583041115
198 1980 0 0 0 -0.04918972458945272 -0.04876622347517419 -0.05200071557195245 -0.049803402712383815 -0.050358842674263535 -0.04995522045071372 -0.04975511421989565 -0.05012992291174609 -0.04997227496968399 -0.04993910408205963
199 1990 0 0 0 -0.05082728661334044 -0.050956370629743085 -0.051101593764858504 -0.05038145426908043 -0.051335499118612786 -0.049913129700388775 -0.04969068596091313 -0.05015262975007045 -0.04998922716800843 -0.04992676769518895
200 2000 0 0 0 -0.04734015159638012 -0.048875854371606534 -0.051794335693358076 -0.05016720025625993 -0.05096485362786931 -0.05020787488301851 -0.050132829845584516 -0.05037424192865685 -0.04993245367562421 -0.04988824809637827
201 2010 0 0 0 -0.04905191714902288 -0.04995584086537476 -0.05194720237218408 -0.05124433193487373 -0.050270827653021086 -0.05013029023825863 -0.050242833660274634 -0.05030011055876497 -0.04993050494104114 -0.04999765762511012
202 2020 0 0 0 -0.05011170905072257 -0.05099797861921058 -0.0519119435773074 -0.05155084272048935 -0.05020181533404264 -0.04988271026671514 -0.04999381270712887 -0.0502337780447059 -0.050006266983067545 -0.04999471124273464
203 2030 0 0 0 -0.0521009797025907 -0.05105347930987418 -0.05173988652693574 -0.051250259340241314 -0.049855396688157506 -0.05009573749540546 -0.0501991554425175 -0.050210653218527565 -0.049973085931653644 -0.0499553309400698
204 2040 0 0 0 -0.04959786824108601 -0.04952010872731484 -0.05168939586212823 -0.05140239356496676 -0.05033607250853974 -0.050131791194315496 -0.05006553564609189 -0.05022563157146618 -0.049924207892821655 -0.05000040831938172
205 2050 0 0 0 -0.050729947017357814 -0.050068128005933056 -0.05170671037038444 -0.051449725615598824 -0.0502262612439898 -0.05039981970017905 -0.05001435765352583 -0.05014979342491253 -0.0499282405312712 -0.050021174737609295
206 2060 0 0 0 -0.05212892794727973 -0.049792857941076976 -0.05104313627346255 -0.05116757123605552 -0.05015507518853329 -0.04999162185143676 -0.04999414186905881 -0.0501589951680461 -0.049913323353437726 -0.05004127355263615
207 2070 0 0 0 -0.0509257132619869 -0.04947134639713078 -0.05096405462729505 -0.05112069674197246 -0.05003932131596468 -0.04985126353456421 -0.05004181372411691 -0.05010371329527379 -0.04993459086887896 -0.04997548433562742
208 2080 0 0 0 -0.051446031212349856 -0.049329384439878575 -0.05071408436904387 -0.050976873054956726 -0.05005792874990539 -0.050076246423536815 -0.04989601058258342 -0.050056998894639645 -0.04991649196660954 -0.04998855093940446
209 2090 0 0 0 -0.05136236303889589 -0.04997821222038724 -0.05084631637535008 -0.05099591549664355 -0.04976638998661169 -0.0497733828872751 -0.04998027121339053 -0.05001324546613104 -0.04986912271566647 -0.04994553476369297
210 2100 0 0 0 -0.050231939810774506 -0.049255194393072695 -0.050884280437154775 -0.050824413763544456 -0.05013455233471294 -0.05009776128481713 -0.049949435558606356 -0.05010335223039995 -0.04991261314075367 -0.04996901020384399
211 2110 0 0 0 -0.049851974681645574 -0.04921558007386282 -0.05126963949927576 -0.05080873785216244 -0.050100301244046914 -0.05019417813781375 -0.04995049082744215 -0.05010641335848084 -0.04996698462673813 -0.049959223185392164
212 2120 0 0 0 -0.05038602252875244 -0.049927881961705875 -0.050519179256376265 -0.05068252670265095 -0.050101223291518594 -0.05032666081351512 -0.049890328625742185 -0.05007570723679828 -0.049963961375450415 -0.049947751046157035
213 2130 0 0 0 -0.05117098468257815 -0.050081346769004075 -0.05055771735141716 -0.05060499361665288 -0.049912965829833664 -0.050192368268912976 -0.049990295411582 -0.05008758133738854 -0.04996057213387572 -0.04996719277249171
214 2140 0 0 0 -0.05016902214934457 -0.049694282823866946 -0.04993696203800033 -0.050487274348298965 -0.04981957978790848 -0.05020044994409896 -0.04997232066645538 -0.05003096424336861 -0.04995594631150513 -0.04998130381415047
215 2150 0 0 0 -0.04946131774457912 -0.049282532785935675 -0.05010489378060397 -0.05052666355388672 -0.049906672960934075 -0.050124720193340806 -0.049949567676313054 -0.05001544943826474 -0.04999023454088198 -0.050000604133580456
216 2160 0 0 0 -0.05014735178339456 -0.04981766686184914 -0.05054683683243264 -0.050449769997477203 -0.04989084215366047 -0.05014035711038958 -0.050003930534267486 -0.04995921003191275 -0.04999425500114734 -0.04999005388167415
217 2170 0 0 0 -0.05034551886349967 -0.050848468256125934 -0.05033423860061627 -0.05056496619792503 -0.05015550606952986 -0.050227073471087194 -0.0499471792271532 -0.049998634800811674 -0.050028006712916795 -0.04998362040884056
218 2180 0 0 0 -0.04936896602604828 -0.05058812648543319 -0.05009649321958043 -0.050554949978067656 -0.049951415888538 -0.05016050273617159 -0.050016370940199166 -0.0500222123340148 -0.05002014398691114 -0.049998064126617586
219 2190 0 0 0 -0.050022517936206226 -0.050482827535292714 -0.049785480766127495 -0.0504060966454336 -0.04996546284809301 -0.05014014571158541 -0.04994096558521269 -0.04998378703210378 -0.050009029977857784 -0.0499758914029303
220 2200 0 0 0 -0.05036513200476394 -0.05043884756146334 -0.049672921241607895 -0.05024292190717914 -0.050160587520931055 -0.050101334585271357 -0.0499113973256209 -0.0499495351425999 -0.05002399536827773 -0.049972215976715806
221 2210 0 0 0 -0.050087706016381926 -0.05002508118056536 -0.05005390445539713 -0.05031440705194206 -0.05007876534870913 -0.05002113112120107 -0.049933131291253416 -0.04997394092257805 -0.049989534642116334 -0.04998448726262606
222 2220 0 0 0 -0.04936778587268598 -0.04981133253470161 -0.050074315077196584 -0.05030986972773444 -0.05014088789402081 -0.05001253626417718 -0.050009674626049314 -0.05000557019731789 -0.04997939188403327 -0.04999193182019908
223 2230 0 0 0 -0.049341367579163 -0.04944148367291242 -0.04999186612701963 -0.050363455068027446 -0.0499791055489364 -0.049983385032016096 -0.05003656415222302 -0.049987360160606946 -0.04997377060187901 -0.05000819161295223
224 2240 0 0 0 -0.04966216259425592 -0.04976905008360209 -0.049814795828332085 -0.05027315573428191 -0.05001916302382063 -0.04999388289118069 -0.049982848481943294 -0.04997090507821459 -0.04998609294083377 -0.04998615875827264
225 2250 0 0 0 -0.04968358188751425 -0.04983827232658612 -0.04981439434520741 -0.05024017601441957 -0.05004689678285735 -0.04993051360170355 -0.0499508483454657 -0.049992040817611966 -0.04997471658156506 -0.04999533275522752
226 2260 0 0 0 -0.04958025314796423 -0.04982212857449189 -0.05000481835822729 -0.05023082120402467 -0.05008897028625117 -0.049971144190889584 -0.04998508459789062 -0.049997768292444955 -0.05000358388010319 -0.04998979902322121
227 2270 0 0 0 -0.04958154775952077 -0.0497441945090616 -0.049939682856968426 -0.05021123531892147 -0.05010015291373092 -0.049985809102328346 -0.04995056918175845 -0.05001440559357523 -0.050005552045061505 -0.05000472002927857
228 2280 0 0 0 -0.04944709249977389 -0.04987258103861688 -0.049876818872689827 -0.05014310940653436 -0.050082576830497064 -0.04998506459446862 -0.049945838898842077 -0.05002866111381423 -0.050004730653482814 -0.0500028819278842
229 2290 0 0 0 -0.04948180661387457 -0.05010826446555777 -0.04990478002421857 -0.05001797569713479 -0.04998454306170755 -0.05003184152368842 -0.049973517164653924 -0.04999206810225596 -0.04999809283996858 -0.05000636884756919
230 2300 0 0 0 -0.049822365844715395 -0.05004734498105773 -0.050129348119039796 -0.050036931069994246 -0.04996474614032778 -0.049960363203516815 -0.04999425361154651 -0.04999861891983131 -0.049977820990331434 -0.050019952937900077
231 2310 0 0 0 -0.05032965141324487 -0.05010199808421611 -0.05018443732005347 -0.04994505750632041 -0.0499762149492396 -0.049993544817256895 -0.04999874166935384 -0.04999368159921294 -0.04999173515020174 -0.05000275853705571
232 2320 0 0 0 -0.05001907509238436 -0.04991987415186435 -0.05021801004362314 -0.04993250556615073 -0.049981662172292704 -0.0499704928289437 -0.05000606032243365 -0.04999284220442649 -0.049994680942734675 -0.049997805710805206
233 2330 0 0 0 -0.049953746238266615 -0.04979982121484132 -0.05012258101207168 -0.04992305646053964 -0.04995419794193432 -0.04992074634441857 -0.04999896492136971 -0.050003888552409795 -0.049979193159830855 -0.050006088161253986
234 2340 0 0 0 -0.04972966106725817 -0.04995474196867744 -0.049850835260628765 -0.04991077144610947 -0.049936517720456916 -0.050005304324483496 -0.0500032734005811 -0.05003016515436379 -0.04998636787794316 -0.050002622171565134
235 2350 0 0 0 -0.050010777536150124 -0.05007787228084828 -0.04988719207396512 -0.049974179894842506 -0.04999738925812045 -0.05002766631066678 -0.04999484291123188 -0.050018797241250766 -0.05000167513125094 -0.0499895601909424
236 2360 0 0 0 -0.04996392257643446 -0.05014409468241764 -0.04998513165187618 -0.049938445733733045 -0.05004030722237534 -0.050040333994246754 -0.05000425883572747 -0.05000514238074721 -0.05000543947854233 -0.04999250044104142
237 2370 0 0 0 -0.04981059389915387 -0.04996057700104117 -0.05003765797987284 -0.04994889080723125 -0.05001529766692113 -0.050036077335176635 -0.050004211872937826 -0.05002823987204098 -0.049993367855769244 -0.04999221495730948
238 2380 0 0 0 -0.04995580309437614 -0.049960035696679346 -0.05004889231589995 -0.049973575260240675 -0.05001053011523523 -0.04999922191681701 -0.04998292912157992 -0.0500171756163149 -0.04999370131383258 -0.0499988941686298
239 2390 0 0 0 -0.04998717598479169 -0.04987508133843514 -0.04996984958011918 -0.049972806128997835 -0.04995132777567837 -0.04998535063336812 -0.05001300748887826 -0.050006452788727604 -0.05000106593169421 -0.05000165312325247
240 2400 0 0 0 -0.049998562482059986 -0.049904229201154296 -0.04991730963854604 -0.04999819096291711 -0.04997140309586585 -0.049971815167415085 -0.05001407846882225 -0.05000749797784812 -0.05000364422252253 -0.05000083276529872
241 2410 0 0 0 -0.05021524212247869 -0.049955711244393054 -0.04990645887870662 -0.04998409978614042 -0.050007156774005586 -0.0499888759018628 -0.05000454992543439 -0.05000062333075488 -0.050001243977988746 -0.050000066434988034
242 2420 0 0 0 -0.050048770137561434 -0.05008728742702712 -0.04988918127182852 -0.04997309862259173 -0.05005209602835481 -0.04998444217370174 -0.05002136168372288 -0.04999202778713435 -0.050004500998234426 -0.04999741447284018
243 2430 0 0 0 -0.050200718200941394 -0.05009926380373262 -0.04987855311384448 -0.04993490950862233 -0.05005128688544584 -0.05000922996493671 -0.05001174960547659 -0.049988289351639265 -0.050010033361949875 -0.05000396727970878
244 2440 0 0 0 -0.05015143591260899 -0.05004084681065116 -0.04991275142454574 -0.0499901050067235 -0.050025603354928165 -0.05001763696964028 -0.05001114403083367 -0.04999022301059341 -0.05000860723396142 -0.050002487305821644
245 2450 0 0 0 -0.05020371498505833 -0.050040159342467916 -0.04994649259921637 -0.04999170091205319 -0.05003630967135793 -0.04999505215710231 -0.05001608424512615 -0.04999345018959512 -0.050009050390417885 -0.05000236287009347
246 2460 0 0 0 -0.05008514005113523 -0.05002319411978713 -0.04994618228090056 -0.049997025139890426 -0.05000630524254554 -0.04998874666709769 -0.05002305311096492 -0.050007986416983785 -0.05000626722566733 -0.04999802159675366
247 2470 0 0 0 -0.04997086063188767 -0.04998112638682836 -0.04992672085220626 -0.049989282986906254 -0.050001363297613725 -0.05000056882535024 -0.0500227327930345 -0.0500096702738213 -0.0500021173820884 -0.05000069267016933
248 2480 0 0 0 -0.04996067570064831 -0.049993261597890734 -0.05000379527477397 -0.049954282075544476 -0.04999467425756079 -0.05002136619102528 -0.050017014726690616 -0.04999764760177236 -0.050005992351360704 -0.05000032226765054
249 2490 0 0 0 -0.04993539093068134 -0.05003912239688775 -0.04997590452071259 -0.04996274744440787 -0.04999726837227148 -0.05001913363486887 -0.05001597139167611 -0.0499989744527033 -0.05000249973427884 -0.049999185821124725
250 2500 0 0 0 -0.04993005551202683 -0.05000666104464764 -0.05000769995570996 -0.04996168384261775 -0.049981913743514794 -0.050007866277664265 -0.05001489560651854 -0.049998576142475944 -0.05000210929666518 -0.04999863075214833
251 2510 0 0 0 -0.049942194900095854 -0.04997828157549161 -0.049956334992239074 -0.049984880263161745 -0.049978100122600976 -0.050002984179313516 -0.05001019757898962 -0.049995943910994226 -0.049998091878961176 -0.049999328252095875
252 2520 0 0 0 -0.04989835113147994 -0.04996303063038262 -0.0499771176072809 -0.049968051087247674 -0.049989925052134024 -0.050019273037046404 -0.050010161954437436 -0.0499936546597943 -0.050003258978804185 -0.04999967128091278
253 2530 0 0 0 -0.049941480796982796 -0.049984190311045326 -0.050008995868519014 -0.049966807420594256 -0.04999341337309422 -0.05000140435765967 -0.05000609484772234 -0.04999416434860484 -0.050002186070390434 -0.05000160734071546
254 2540 0 0 0 -0.0499979743447081 -0.04996258326854711 -0.05000677379617647 -0.04996848976184337 -0.05000692299832009 -0.050003697902211076 -0.05000175454649019 -0.04999446755822531 -0.05000489373252239 -0.049999905290806834
255 2550 0 0 0 -0.049931652550168334 -0.04999436773831016 -0.049989388736633625 -0.04998456518211207 -0.05000335127609906 -0.04999456337030269 -0.05000115017927612 -0.04999555931145247 -0.050003663058319985 -0.049999035957213396
256 2560 0 0 0 -0.0499531406012214 -0.049983244631377655 -0.05002050351093356 -0.04998764499115382 -0.05000944069807792 -0.04999283429286469 -0.04999985519448314 -0.04999727235267675 -0.050002488593687215 -0.04999880409592186
257 2570 0 0 0 -0.049990967247139424 -0.05003329013986277 -0.050014474259609275 -0.04997736168241361 -0.05000778245458749 -0.04999902262023524 -0.049998410147308034 -0.049999023327992484 -0.05000321447249359 -0.049999617057799844
258 2580 0 0 0 -0.0499451433041217 -0.04999984066354765 -0.05002376369141672 -0.049987106700193254 -0.05000029269180979 -0.049996076354651316 -0.05000013306752643 -0.0499973172138553 -0.050001810709010094 -0.04999960338376105
259 2590 0 0 0 -0.049917624227068615 -0.05002160944840088 -0.05001461581452339 -0.04999159405918322 -0.04999682167991515 -0.049995452633993014 -0.050005300783705506 -0.05000019905260311 -0.05000173217467878 -0.049999103363838414
260 2600 0 0 0 -0.04994185973092145 -0.050012760413442214 -0.05002140769004061 -0.04998783293564806 -0.0499969448002222 -0.049997587709254 -0.05000654276356075 -0.049997599336367285 -0.05000192772180566 -0.04999822061372673
261 2610 0 0 0 -0.049942969200077396 -0.05002065238432287 -0.05001604664371157 -0.04999272160793083 -0.049995791561572654 -0.04999830841289626 -0.05000519069699992 -0.04999985258299028 -0.050001461994570534 -0.04999834478879165
262 2620 0 0 0 -0.049967235545794526 -0.050043688770767765 -0.05001536622258806 -0.04999409195074035 -0.05000412114522037 -0.05000161585247607 -0.05000629101397728 -0.04999840052351741 -0.050002069598386274 -0.04999862573392316
263 2630 0 0 0 -0.04996324229243004 -0.05001709739146126 -0.05000485366461079 -0.049998431275870156 -0.04999912828111791 -0.0500023195383225 -0.05000406590981864 -0.050001273285167624 -0.050002229748835614 -0.04999997312179329
264 2640 0 0 0 -0.04997047383844893 -0.05001995063140282 -0.05000549008538648 -0.04999966786688373 -0.049996971494186075 -0.050004921794520416 -0.050000730347126765 -0.05000256503669059 -0.0500004861748001 -0.05000006277516704
265 2650 0 0 0 -0.04997254832650226 -0.05003596574084256 -0.049995030590312184 -0.05000219256935134 -0.04999121645962288 -0.050002529712112734 -0.04999976016207728 -0.05000378292280599 -0.050001203479396815 -0.05000013753787962
266 2660 0 0 0 -0.04998052166012875 -0.05003283550166774 -0.049997427798559715 -0.04999693999374148 -0.04998914088074471 -0.05000742959770426 -0.04999788068071645 -0.050002858117744166 -0.05000067591051478 -0.049999818745511876
267 2670 0 0 0 -0.04995719105221184 -0.05002179070139289 -0.05001004850082133 -0.04998998616117693 -0.04999187016648618 -0.050006500571617096 -0.049996685472709156 -0.05000380371874023 -0.050000056339409106 -0.04999940026385354
268 2680 0 0 0 -0.04993602676418014 -0.050013309097146734 -0.050017054268297945 -0.04999743455053196 -0.04999453565990341 -0.050005468121121416 -0.04999848612208244 -0.050004204262120995 -0.04999938097591237 -0.04999948058416137
269 2690 0 0 0 -0.049967171898174845 -0.05000692156710092 -0.0500018384641125 -0.050007593018631724 -0.049992218353482186 -0.050001026141821385 -0.04999853473939833 -0.050002084609678026 -0.04999938393344612 -0.04999881457109812
270 2700 0 0 0 -0.049966388012828794 -0.050022604004794344 -0.05000812728769443 -0.04999974098333742 -0.04999277192711861 -0.049998129206963414 -0.04999785296730853 -0.05000122788967101 -0.050000388173070745 -0.049998251519281334
271 2710 0 0 0 -0.04997918537758049 -0.05002076058401833 -0.05001648568627089 -0.04999829323284175 -0.049994911259075146 -0.05000300279512878 -0.049998513084835695 -0.04999848645418525 -0.05000078281491278 -0.049998918343463344
272 2720 0 0 0 -0.04995925456442638 -0.050020071847846244 -0.0500119960149472 -0.04999476268654504 -0.04999531257724532 -0.05000039217965851 -0.04999907141358467 -0.04999974671153845 -0.05000094411511063 -0.04999905681284631
273 2730 0 0 0 -0.04996422512377255 -0.05001949736407776 -0.05000916659493087 -0.04999285372596352 -0.04999941491995174 -0.05000152623288913 -0.04999650915148375 -0.049998282151551166 -0.05000052680770256 -0.049998953109734866
274 2740 0 0 0 -0.049957862868648714 -0.05000245419773794 -0.050003052958780006 -0.0499918540440144 -0.04999566584691366 -0.05000279287096639 -0.04999843050819192 -0.04999847802692096 -0.050001247458301104 -0.049999430075508514
