% # columns="iter, evals, sigma, 0, fitness, xbest" seed=56374, Thu Jul 25 12:03:47 2019, <python>{}</python>
1 10 0.4783102776646721 0 12198.560981680013 0.4649574983423466 0.0010070603266963544 0.6795738151419257 0.458166151592658 0.3942758209688646 1.3057385421602166 0.38422507513331244 0.331440877312206 0.012506771985459658 0.04258077638206297
2 20 0.4390409893332779 0 5414.460464780872 0.3890792274117693 0.39857353204382795 0.17713300926723213 1.1443360599434167 0.12827276951081848 0.8986752488564828 0.34163793905967144 0.1053329488189298 0.0038655582201437225 0.042999764266096765
3 30 0.408609985745645 0 31372.288711622856 0.5997405687661128 0.3755290406648058 0.7073813583669529 1.3203867870437302 0.06815191149739344 0.190249122374399 0.23414333594791878 0.742446226648005 0.1470940924879662 0.01762506830823403
4 40 0.4227333086086735 0 18923.54081301433 1.0891480937351203 1.6966175528198921 0.05339623874579591 0.2510850704094922 0.009914258578247705 0.39942728289983237 0.04302136788206925 0.6311838498594121 0.011954455890359424 0.004218353478080262
5 50 0.40407025997084517 0 17265.552195530676 0.7350225356504679 0.5592452842805279 1.1560446177114345 0.12083002297445405 0.10490790520594004 0.1870129123264181 0.34507519307851126 0.5828624105635072 0.02670558079055082 0.006294876533267089
6 60 0.384893287967286 0 10244.384390038158 0.5109168169350029 1.2560356309772565 1.1846081122676093 0.31634127023751785 0.4975249645200318 0.7111713350740306 0.28689272718260206 0.14612348531663882 0.029548953318693266 0.08360482898153179
7 70 0.3711406701831469 0 6639.94171442592 0.2505734277335431 1.3657148085830384 0.8042465761696277 0.004044552883905302 0.507306206919898 0.6637955924627182 0.3891685645905144 0.009166671918930312 0.004268227896729645 0.06345222825732444
8 80 0.3572794372746578 0 2960.6664602991027 0.3370751991671922 1.2818822303527304 0.4000766055532746 0.2853782712381983 0.31598655175036594 0.39096645583644096 0.10834729006741087 0.18839327024619584 0.025869233771330234 0.025626330009956903
9 90 0.34162924592984073 0 3460.6534847288776 0.2943173142283412 1.2820766478861687 1.0336382229443968 0.4645623989983881 0.46580834855604636 0.09396866377716995 0.32785591772998557 0.08102010241695845 0.008186222721350698 0.043526806610448256
10 100 0.30929306358037484 0 1662.8246042938604 0.9215593849269068 0.7081023593774667 0.8844360342215527 0.6029113631519191 0.20953881245164369 0.3321239692488574 0.006738096597150667 0.12895203593888271 0.037370778713269506 0.01659060897534594
11 110 0.30675804885694813 0 1292.4819544607271 1.336926009370027 1.2767624297451898 0.9647362466856119 0.40806464757310085 0.1564244887111027 0.42141073343023605 0.07147445660107336 0.10029001591263831 0.008282752538686797 0.017881460489957996
12 120 0.2863523243026126 0 5915.5965023241815 0.6580808100192026 1.1395797221802808 1.7324866193635526 0.34298543614654936 0.6942264390869445 0.5098289954201917 0.2267041248568053 0.17353431344409276 0.12035520712463027 0.0040631637124608445
13 130 0.25871501685457854 0 3040.7845247711775 0.2956801490640049 1.499359534936682 0.7814327471275085 0.34746207650504923 0.2945840156003454 0.21505031173535147 0.5261230137853641 0.03415350079394974 0.013985646462011427 0.000884160110993992
14 140 0.2501867335815414 0 5967.53182325019 0.5078427825652398 1.4612617735384008 0.9189601656336452 0.14883793494276087 0.3036949129530003 8.872995787510491e-08 0.3559436849827873 0.005000839516016375 0.00014530583203809454 0.06801484787625084
15 150 0.24329614365665805 0 6830.105703451626 0.5619913438638479 1.2994474044092605 1.6196678344490167 0.2575244210883667 0.0030537930129919824 0.3985054954401056 0.46465877247937004 0.166283186599958 0.11744698727048407 0.001547612579959768
16 160 0.2389054275855752 0 3637.654689092258 0.5493303611650838 1.4723569735506221 1.3814103589395033 0.2137506833704563 0.05550161645946736 0.025508880385999716 0.021751856701204424 0.07551924303400881 0.1239316613676808 0.000565847073721733
17 170 0.22024241730720093 0 774.3747258729278 0.6777829385073755 1.4880968050591308 1.2075371521667935 0.30244209276638095 0.004004683706632878 0.03384953216046678 0.15867229940093852 0.00048723396287715106 0.0012069341222524605 0.021644978943256486
18 180 0.2096804360656584 0 1999.6416173133523 0.7632939748984255 1.3538407349963042 1.1680531954864273 0.4309452559441959 0.23796184983782898 0.03527655916865499 0.4033243560709867 0.05980931010030645 0.003282917341617938 0.010888416361567137
19 190 0.1927544736445038 0 1637.3337986217841 0.6138610037759996 1.0768874020010526 1.188463824932804 0.3356695173099258 0.2041157280948278 0.24574934170236823 0.376543414572039 0.003214553754940194 0.00955918706735952 0.0015524536231500377
20 200 0.16741451909050595 0 1526.6177664091952 0.10867412362199941 1.400664034665781 1.1858279950662092 0.4454798526086481 0.22825373501406154 0.09570387992250003 0.22873123980996896 0.04100221619119562 0.000705503569431845 0.0286726884140496
21 210 0.149548886145292 0 504.95967744094474 0.4750238317581884 1.269410470175533 1.42615825841136 0.5674645268366475 0.07897617270774013 0.3093218492031634 0.12355805218284824 0.011818389625364677 2.93043053372964e-07 0.007283742153311835
22 220 0.141690570819516 0 1481.8576191186028 0.5185441939694391 1.3263094789765508 0.9949047975680658 0.5624755415056159 0.04821031632864133 0.3072277360280995 0.1518756213217145 0.13174810853902946 0.004062513638576363 0.013271869269374407
23 230 0.1411206777205259 0 228.95026477325007 0.32551250328427184 1.0635792963237864 1.1742849464559775 0.6669064001623892 0.08976281576278178 0.17564225032693748 0.04801337202509623 0.0010631709198812526 6.441453181262654e-05 0.007489860721525317
24 240 0.14066739041135612 0 170.86715112852693 0.3280884653743332 1.3228981911927977 1.1840766291048979 0.6882179591828527 0.1436190864582631 0.08826260408956771 0.054735390704265585 0.0010492138319586387 0.011143244016716675 0.001394888528931153
25 250 0.13449379836473105 0 191.30050517509923 0.5572357755768801 1.3415310557570026 1.1009172084499539 0.6493517601409938 0.23248585895711749 0.0937946881421995 0.060896997688119986 0.022052967940473914 0.006964903891614265 0.000456339662721187
26 260 0.11919524901575526 0 124.45444589353986 0.3658990499048867 1.5154704751282546 1.0740633221661917 0.5211445733416722 0.13397432271330378 0.0001583873381798353 0.039326917068371645 3.744565510637999e-06 0.01325390387069716 6.343280462266244e-05
27 270 0.1152070788722893 0 227.4587259916466 0.3419702445146777 1.5056084262017797 1.2247351161243327 0.5739692588929262 0.18568866935640632 0.0971709112302739 0.07826120613907744 6.86808646147528e-05 0.015826566857927566 1.6633783646569898e-05
28 280 0.11316905248210339 0 91.16862400036143 0.5720954219390559 1.701603010268365 1.2217452531638369 0.45241917895332195 0.00617436536865603 0.0006149161691522867 0.04576563551314398 0.002724378218834914 0.0033141940452478293 0.001049162857567287
29 290 0.11857340041196239 0 102.7415721970796 0.5310040428994407 1.7263666512834661 1.2927368860783106 0.3010867438195046 0.07944726629368282 0.023511344081419926 0.05632054109451448 1.0196930761596789e-05 0.005923080068226528 0.0003968189669642864
30 300 0.11871035123338701 0 70.39406538034035 0.6079570320569367 1.4648230632194237 1.4004792618361528 0.37216635995598624 0.03521973868051973 0.014436139526752148 0.0016370218871567435 0.005982016016657127 0.0009630059009959558 0.0010227599963815864
31 310 0.12073759240952249 0 80.64738566126492 0.8688448800108393 1.2343064487436348 1.4885001577819361 0.48191876124741756 0.008485801336448285 0.0037014329121568454 0.0013952997754230682 0.003565505014149229 0.000747137638410905 0.0010340681136253196
32 320 0.12141042301869663 0 111.56563008074447 0.7006645126555258 1.3673816272333417 1.3882954138772006 0.4420948271636858 0.07299691087843346 0.0010158707621283124 0.046321580297124486 0.010668363045887065 0.004215708284164486 0.0028781068901718174
33 330 0.11589982616062378 0 154.92792585141825 0.8777938758285959 1.5239675916740856 1.3305721352823299 0.4093514791152121 0.1642881517627544 0.08133160527579718 0.04121673178035184 0.007208540642821406 0.013156565855534643 0.0022375174413959446
34 340 0.10529820869154005 0 86.4311683287122 0.8200989849565914 1.3822338769691738 1.244772440595899 0.37730325698415057 0.06265698454036615 0.03600322228606545 0.024393436821629186 0.002079139070294844 0.009267973987146898 3.3994529147308707e-05
35 350 0.09502770434986375 0 86.72999504166977 0.765635868099601 1.2403267775643545 1.4132680503641035 0.3923700223549468 0.057859723800184316 8.195886876573443e-05 0.007942413682066576 0.0012496736018987578 0.009221150377421477 1.8023143231826553e-05
36 360 0.08680489668839676 0 87.6040235893624 0.8126337438636682 1.4663158180178373 1.2298101096322536 0.28210556189535224 0.0086210642278845 4.168237581976281e-05 0.027944910125702 0.00993497375041234 7.833364420920646e-05 0.004898438081035076
37 370 0.07691825737457304 0 76.08603259643377 0.902875851908323 1.2305321637436366 1.3352333010925512 0.4357632098578098 0.0462367891991649 0.012400563139244463 0.0022160074025106614 0.0032179761025907484 0.006455061697362837 0.00011332871922079723
38 380 0.0726101288898497 0 96.72520974952722 0.7723553114724312 1.1782205303758608 1.3037404135565598 0.2988018404411835 0.006934730708973675 0.055226507266767505 0.0453373833336385 0.014347369409158662 0.0058583646824962865 0.00020109444467830353
39 390 0.0660517205061548 0 56.716149330408335 0.7442547847925899 1.4747788407311544 1.1565397186536177 0.38119350242349065 2.1306836278831648e-05 0.021960324848982218 0.0002211393179595587 0.004356377453281115 0.0008383128112892858 0.0008043095247534332
40 400 0.06254565580379153 0 67.29812128815746 0.6606737200740161 1.309777820552905 1.3759897390688343 0.3938186462507522 0.025456664318706777 7.512061187310401e-05 6.323898953603449e-05 4.036715506260439e-05 0.0016183529550733485 0.0013166116215689255
41 410 0.061061009208162126 0 60.49726063138751 0.6306730989088368 1.3196942916069678 1.2457402129797948 0.2863839491544012 0.06759570320975142 0.01138799796630197 0.016053955707681537 2.9379488458398455e-05 0.004841445553040988 0.0005938945507589909
42 420 0.06122609636707823 0 53.34205089980299 0.6648296182968106 1.4128251331444026 1.2750788529862809 0.23085762828175385 0.005356259224372762 0.005987876985427431 0.0011375275771472798 0.0007061790766627259 0.0003863321098198105 0.0017661831359821612
43 430 0.056887013095572744 0 55.70102636675072 0.6793463991966662 1.3575329827603222 1.3478442291036932 0.20118734112096784 0.016777293878388198 0.0017388037591026114 0.0009372014745092673 0.008402967724610246 1.2466211504917474e-05 0.00027430488732486523
44 440 0.050993892534583765 0 53.11866259974575 0.6638677747321476 1.3859993516526645 1.3103872789177788 0.23926949961016086 0.008402359555315918 0.0017757548181779462 0.00429122490471426 2.0941926118669613e-06 0.0011808907866979182 0.0007198779709637908
45 450 0.052168303574866175 0 52.06573308437889 0.6466257291351276 1.3470694926806315 1.258489289045881 0.18952947067464387 0.006781139282961114 0.007810846152973496 0.007069835537402616 0.010163033147923654 0.0005460052169771269 3.724755515945957e-06
46 460 0.05235733150192138 0 53.54043472312255 0.7392568479647581 1.3268914550388657 1.3305592780442748 0.21666182193931915 0.009861640853199861 0.012057029171732018 0.005518585056703853 0.0038153054710956215 0.0001623281388769538 0.0008009120602162778
47 470 0.04636798813334813 0 49.558065644837626 0.6440897132336307 1.3849316443747592 1.2784382890694337 0.21713245795815983 0.009484586770659924 0.000604494249512143 6.188089486506835e-05 0.0013068313755557359 0.0009380429697639419 4.722920330434829e-05
48 480 0.04244820914654351 0 47.73492674335832 0.6343395190874994 1.4105153949128728 1.279226394311412 0.14194295220342107 0.026205161550039758 0.0007462535205136209 0.0039266241291781466 0.00194979219177327 0.0003180941271371667 0.00039380387742173783
49 490 0.04048459298770895 0 49.20351186730471 0.6507296868586925 1.4183990737254237 1.222063567331761 0.17966757326338745 0.02744537843270695 0.02113608641037407 0.012368433306431403 0.002482011798386867 0.0004086154100076574 0.0009353372362768458
50 500 0.04036700750458048 0 47.127619008358415 0.6970465978823704 1.4014290974098527 1.1920630142221993 0.25029394010857564 0.008044641690899886 0.011449177428546849 0.004486676628500387 0.0014175083159238488 0.0004258284846056458 5.952934230877765e-06
51 510 0.04071403626505482 0 45.33695652168078 0.6235863293136965 1.3430403051154438 1.1663342221601956 0.2550553442390759 0.0015344463724564416 0.0005807534662546725 0.0009365153301861139 0.001096830554552135 0.001797954005130618 7.270013740892725e-06
52 520 0.04451797603400328 0 39.51906807387021 0.6695711388947989 1.425906585853345 1.0819099817046152 0.17083508128425123 0.0015155505011988958 0.024940728870567596 0.0038342663481837343 0.00015751519406266437 3.0959235744184e-05 8.417309640988459e-05
53 530 0.0468149876566239 0 36.93157293977318 0.5774313991268796 1.3934928329982046 1.03924413776135 0.17038191548681633 0.0017420658240130085 0.0017128640300052998 0.00162970085536738 7.661852320342691e-06 0.002486091678357532 0.00021823612408909676
54 540 0.05063969941548581 0 36.42722438107865 0.6832299554864715 1.4224849540287874 0.9926029484483254 0.1095537335543785 0.0038106688093144008 0.00870050152529419 0.00014015093658216666 0.002491344031218166 0.00407451897905966 0.00032632813843278354
55 550 0.051690367006439975 0 36.31713423187609 0.6337928085905751 1.4585658552151444 1.0529984317801455 0.021012292719753863 0.0023080248719754407 0.030681407070501154 1.279491384034779e-07 0.00031960534253845386 0.0004832888463654916 0.0001503430260519694
56 560 0.05123221216889466 0 31.730811409765597 0.6496440469399932 1.3270903775018392 0.9729704332133349 0.13823536717750842 0.025866406423604136 0.007526913883077334 6.288972416123643e-09 0.001802439261155834 0.0010643322927458207 1.918978181499479e-05
57 570 0.052154589207457344 0 30.37948350486451 0.6528863344054379 1.3992961202997178 0.9569922247330345 0.09306550333443311 0.016479865057570674 0.0017697385661412642 0.0001595652601481839 0.0003908643591254473 0.0005085398241003065 0.00026799036200368605
58 580 0.05432424923024557 0 30.16850296022128 0.7062847887329823 1.389069922647021 0.9366452839557788 0.036178998402998264 0.014076502007504717 2.9028087291859824e-06 0.008333251056674014 0.004379949891848333 0.0001442607459855409 2.1889943320826834e-05
59 590 0.060352852303544625 0 26.031830354980798 0.7722453028457843 1.4568401347977273 0.8365066296085802 1.2496982783303974e-05 0.00020438441526513475 0.004201270316199985 0.0007548242740832226 0.0025785112893173573 0.0002139872755434123 0.0003827642001774861
60 600 0.0614389895726505 0 27.38321201088778 0.7634682441105566 1.4227242234162958 0.8161793500784926 0.04065502188083392 0.004717388355711526 0.0022553288604112934 0.010512618013297581 0.004678874504696578 1.8822989852231167e-06 0.0008634177551093546
61 610 0.061702528372013885 0 29.624239274600228 0.8359135695083779 1.3081944266969767 0.8894545768032303 0.06566920650629288 0.014700854509487875 0.012492574238829629 9.621292342411271e-05 0.007002532274952493 0.0006292622345088192 0.000841676472829737
62 620 0.060434336512021354 0 25.47933850187711 0.7744531767704342 1.3918697057102387 0.8298608144989631 0.019339349502098178 0.045966819744731775 5.0410297308554166e-05 0.00016090699299581862 4.763648205221173e-07 0.00037548854593478164 4.118964354621136e-05
63 630 0.062426950137354345 0 24.005092349565338 0.8558238973112292 1.5454384954772478 0.5813545139070653 0.035584565314721386 0.09445967687519982 0.016811291390760805 0.0002301761856080843 0.00035246831537461974 0.00024238326046559436 9.688652060894416e-05
64 640 0.057149730230232974 0 24.88277520096111 0.7254163381004065 1.3932455742100673 0.8249392050395449 0.009114238031611545 0.018615435067626463 0.005107136633982578 0.00031024951070309203 0.001080227580070085 0.0007003667413620711 0.0005468029071581732
65 650 0.05446640903621162 0 21.352707330058063 0.8801944098845761 1.45794569449097 0.6929654061330721 7.56821508163007e-05 0.02798716853862798 0.00034754185882749744 0.0004335973615371809 3.661625494495206e-05 8.138960071251229e-06 1.936794450288685e-05
66 660 0.05356827451884927 0 22.333611760280224 0.9774001872032483 1.4497618697321286 0.6609637067164932 0.006989959969240685 0.04175169944034295 0.00027418260337087506 0.003310228530420427 0.005245769857342475 0.00018439353219747894 4.5508597195528955e-05
67 670 0.05239782920125075 0 22.853561150773018 0.8157239932393333 1.4918486230562893 0.6528415064712608 0.010187269559796512 0.05543079455143354 0.0013897575674356008 9.982658171966704e-05 0.0020431213751578585 0.0021089896096661807 0.000287610043455955
68 680 0.04957969495799942 0 23.418960876112397 0.8822167949846385 1.4344839011527437 0.7423567224577837 0.089808149726216 0.011046505666220913 0.010498139121259114 0.0006214263398468136 0.00018990870512463424 2.755193732576045e-05 0.00033192157964835877
69 690 0.048523019034272585 0 20.82683217011257 0.9388295452646926 1.5500172568337949 0.6244237535118585 0.0032368201769839406 0.017108559015658924 0.0012898174377848981 0.00461129551767139 0.0005065025047205809 0.0003191592800595695 8.081050960062097e-05
70 700 0.049370414056973 0 20.53176933742862 0.8002838819780319 1.5344569908018073 0.49624488194793565 0.014066637560300025 0.06428855482529564 0.0020338414584133275 0.000766389601846501 0.00018999679883887477 0.0028096940494075832 3.8947612111282076e-05
71 710 0.052695747422193275 0 18.510378675224167 0.8335205103333974 1.594260635613205 0.47131575026314254 0.0011984707052976752 5.6431418465979725e-05 0.020350575938836612 0.0001153805259211496 0.0027058299128353966 7.14043740035803e-06 6.726594940687722e-06
72 720 0.058154138412665805 0 18.025092767200057 0.8981363836727774 1.666046317973738 0.2593497951016701 0.0006816080965181353 0.0015659815120204277 0.022559189759483147 0.0007240019668477262 0.005629682714217881 0.001198725449371802 4.589265864812221e-05
73 730 0.06132444765872141 0 15.133260575626101 0.879177301092172 1.520598849875495 0.34108489157993227 0.032736788715417714 0.007786487932626455 0.01636825871328752 0.00014661573817353272 0.00013113054102315133 0.0012936104660244915 0.00021774772426980227
74 740 0.05924465598891906 0 16.247971251048565 1.0340450631982656 1.6017169510195326 0.27472260307358076 0.0013050579805403417 0.03039865889308345 0.0203074836599637 1.7087664361353428e-05 0.00027454345322062377 0.0011542009466880296 0.00019145982200144106
75 750 0.05775137131756602 0 15.999607305829164 1.0247829047018786 1.5415659773917074 0.3207655759195797 0.03586027492759103 0.01715726032481244 0.0002099857921046883 0.0006991347987256846 0.001857979158727652 0.0023246747284992575 0.0003280247618002071
76 760 0.05463837389519972 0 17.817791355272846 0.936239784524533 1.5302152989037532 0.32328416006962385 0.005754021112290299 0.013719712330100992 0.0035994918962490227 0.0005066537684173741 0.0033082687471823195 0.003849029981815048 8.292806491421117e-06
77 770 0.051994882125568825 0 14.840100769778596 0.9749710303296727 1.5289863633393177 0.3194068667311839 0.04850630534897164 0.0161576944006076 0.0011799915012420034 0.0027675817325080896 0.0019754627598893458 0.0010081823756489215 6.542074758238297e-05
78 780 0.047654375515706913 0 16.17372624394784 1.0380732452296535 1.5173348043376478 0.29371902259814675 0.14022444568264936 0.0035581629615289404 0.0021191381870157983 0.00027712581775141826 6.749742717609282e-05 0.0016186494094773407 6.196808998931938e-05
79 790 0.04532641980910655 0 14.851003348670526 1.032526181935655 1.5024012745161102 0.3673417178864668 0.048091802943232564 0.012822494579922822 0.0009844147268094564 0.0004660625891628619 0.0012260409117503931 0.00021868211630775788 9.34333403744214e-05
80 800 0.04405418811799646 0 15.112688329979301 1.0132317464636227 1.4574604991610738 0.3528855164355033 0.11148176671694682 0.005735982014942956 0.009099539651255373 1.2675072406067361e-05 0.0009208803335006908 0.0005025761307392824 0.00011527524776919227
81 810 0.04064594536887906 0 14.750414654927088 1.0420006962331527 1.491930543165248 0.376358784520796 0.013807718695340188 1.0472442263917968e-05 0.007767517981521742 2.569997213992959e-05 0.00019470103761416607 0.0005061971882138486 0.00027467442883525646
82 820 0.03810106824127918 0 13.4666545878555 0.9033477711758618 1.499170745263555 0.31166165401237167 0.030790087387081902 8.425060240165852e-05 0.0010887294648459606 1.6728790185438064e-05 0.00034168063951966316 0.0003276513130359732 3.018922366292685e-06
83 830 0.03875511245726396 0 12.952033101296879 1.0442694556422065 1.458972313879122 0.20556903183942882 0.05377979773299779 0.0001925380418469784 0.0026284240291669365 0.005994798948835297 0.0014166301907388723 0.0011763807934699348 0.0001273314274014993
84 840 0.040918204233833216 0 12.41199077428728 1.0039940977029944 1.371162248028738 0.30891478584347165 0.030126413289806742 0.00042248887356691997 0.009266444600972314 0.004673507924314018 0.00019935135736734607 0.000758543116827018 3.737431849391453e-05
85 850 0.04212832715660912 0 12.129675464093628 0.9903698035752518 1.3861235183756142 0.17409856987140393 0.06861231707865534 0.00046470759662112823 2.5204943762229435e-06 0.009314468343804817 0.0013858131308029794 0.0008324899770552674 2.9229022945370922e-05
86 860 0.042862226573334924 0 11.26112141509918 1.0564631500255297 1.3468618270707682 0.26327626342105265 0.0407249574979339 0.0015749140620768235 0.0005638848480882086 4.332689067076544e-05 0.001146769939143196 5.7454946312723334e-05 4.692241549223755e-05
87 870 0.0407514128329221 0 11.407150002392466 1.0190097561018667 1.4083023774757817 0.21335703928955915 0.037768901707037165 0.0024137081161863046 0.0018999833739728918 0.0006659170820236283 0.0007112740655089825 6.3133980156654076e-06 3.5392920288609366e-05
88 880 0.043735558185377374 0 11.01020806358785 1.1128328122634406 1.3292164928412749 0.06118888475712245 0.09098568227288473 0.012887879464334012 2.987734875654092e-06 0.00019038054293465332 0.0035429344195102934 1.6572230469518785e-05 4.821862300225424e-05
89 890 0.042401080815587 0 10.788478899838628 0.9818476931733532 1.3238433350752388 0.18715573967377827 0.014060697248843963 5.778161950661462e-05 0.005350765630864165 0.006131779924390612 0.003207637098496322 2.491857009585137e-05 4.658906897815955e-09
90 900 0.04339682763433501 0 10.39392474260259 0.9984355982438512 1.3142809714222385 0.1444727487827476 0.061928629655782164 0.008811323810662746 0.01104688526475887 1.858462983870114e-05 0.0001988004647099677 0.0009324628955072771 0.00024117149940665588
91 910 0.04626101579256481 0 9.9011252282166 1.058022733708741 1.3098874450320404 0.012466978665090488 0.07492092095628547 0.00536489111862755 0.004097678009144561 0.001149333611742814 0.0008347094365796304 0.0008544824009417356 2.45024267048264e-05
92 920 0.044067463743388505 0 9.985635655107876 1.122643574789436 1.2891329474961846 0.14414911185061322 0.040721198074009 0.02445825448695543 0.0008643264621540765 0.0007773790240257844 8.115420930907146e-06 0.0007174151478256489 4.3864275885888515e-05
93 930 0.045308552798251064 0 8.942517491183303 1.072830480243377 1.212796826491862 0.12603178157263498 0.005725031064168692 0.026784416438041567 0.008982571111153002 0.0004735569137085089 2.7652268889948117e-05 0.00027670205492566176 0.00030539256692972363
94 940 0.04735014973530882 0 8.544154906180957 1.0857553552847343 1.1535360571017772 0.11787131283986765 0.00986554879769889 0.004355381678199614 0.009888780875808295 0.0004431955924166794 0.0037083288658229336 9.421776754852895e-05 0.00013513671907284044
95 950 0.05303431477402604 0 8.422642971700336 1.1115322583307317 0.9882618373027144 0.21969306780981704 0.00028037292818663967 0.007786788221693051 0.01040147481000616 0.0010408570197258608 0.004093386424201583 3.61374888900452e-05 0.0007509638332637528
96 960 0.057104706228107566 0 7.729613776199708 1.1663780857841037 1.08748065128555 0.13358267132517324 0.0008250676115726473 0.005274521788151745 0.00012354168487755708 0.0001308311576877764 0.0014308425000468246 0.0013407918792807303 1.456217231025025e-06
97 970 0.05827125995660423 0 7.459113574638991 1.1759855033011755 0.9677292753618086 0.14244831063288968 0.0004892221350818655 0.03398244457979685 0.0078134778861376 0.006463724077066282 0.00026262481932508546 0.0002737445965717033 0.00043295079294106554
98 980 0.06486758942202338 0 5.762094421942899 1.1111083061536497 0.8332467876695249 0.15634754306915347 0.0005461972100008016 0.0036488954863563615 0.005331570803519981 2.0974480469410198e-06 0.0038270032464373747 0.0002323598870702094 0.0001390921116323393
99 990 0.06930906539606435 0 6.2665126971123675 1.0851579490724952 0.9644727397474354 0.050629839630238024 0.00159996238028412 0.00011326820158303688 0.00029027600287481785 0.0005826148997336712 0.0038862119232197217 0.0001831291973757623 6.33355779937309e-05
100 1000 0.06630239987636767 0 5.468347654330407 1.2003932756354496 0.8291471264962281 0.11213501096649094 0.0018915221113271618 0.022126323840185296 3.0843061646890378e-06 0.0006417664328531274 0.0014946229102104675 0.0009310311399954487 0.00020813794790586033
101 1010 0.06724781270238055 0 5.39181262701532 1.1779508727516212 0.7448854027662918 0.0006934231169470951 0.008186735705178172 0.014082390372465146 0.0019826222045428487 0.0007469611075879334 0.00029503308235282757 9.567747169318723e-08 0.0011454208512426674
102 1020 0.06647596479523052 0 4.346707871429941 1.092300569833817 0.7659816355417818 0.13358699941552474 0.014920515897253874 0.00014873377350510712 0.0006943843759844918 0.0014901314458972883 5.2079519798380724e-05 1.9804320857802393e-06 1.1205805216719902e-05
103 1030 0.06763318699899461 0 5.61625331451743 1.2264338109199728 0.8003196662706771 0.03536941701125798 0.07029090939971175 0.00029540810620858266 0.00011230520371224076 0.0023750490652495746 0.003182404775468541 9.569136714518484e-05 0.00029925534452141894
104 1040 0.07587168983111743 0 6.218618357640006 1.3939247778375747 0.7871523191840603 0.042951658160596214 0.05587729471593689 0.0019570678386434956 0.016186557961292355 0.0006339032988275209 0.003001161008485185 0.0005223608140569153 2.3004457028569156e-05
105 1050 0.07161643818915644 0 3.9852816095949883 1.1540863735068576 0.7058444458589754 0.020001913609952238 0.010003011393639264 0.007899386717068928 0.006427600536221125 0.0034397354539374776 0.0012968560452696566 0.00017658614146631138 3.396134725761787e-05
106 1060 0.07145610679561648 0 4.586190318490181 1.4107566478516613 0.69754245475603 0.051762720099818 2.8970239087419732e-05 0.010218016494408323 0.008438323566737412 4.9459928955754716e-06 0.001276608584824218 0.00010243533186355273 4.279108558451183e-06
107 1070 0.06551967359343436 0 3.255352299170281 1.170042241479306 0.6274739603165603 0.00029682599902020447 4.781918791919328e-05 0.0021839628137879643 0.0018406182828610306 0.00016174220963517238 0.0007862287152075643 6.737192591827245e-05 0.00013929753647877038
108 1080 0.06746466517279477 0 4.676622795148383 1.2688703668512389 0.6190414100513946 0.044025528482702345 0.04889322519745347 0.0022419695872608557 0.0039680131521634176 0.009433238723265902 0.0013155671453815643 3.5483505791635694e-06 2.477245427200185e-05
109 1090 0.06355149639066597 0 4.946568561858713 1.220717889407628 0.7525765283816229 0.0860173915122307 0.0010709522812784595 0.0004135305198228981 0.0008358755561938633 0.005344808158285819 0.0017996364472082657 0.0004656936964951749 0.0004286344139453015
110 1100 0.06280317135169033 0 3.589071305116494 1.269546157160071 0.5972311142116966 0.05074294669629209 0.030273591693164206 0.00908489508589575 0.006099503580121633 8.17820888061637e-06 0.0009002854203629544 2.8393874998652934e-05 0.00013549263492919827
111 1110 0.061345788935118696 0 3.6865686898585617 1.1642554293593328 0.5640802809076825 2.6006755575278045e-05 0.03625272280698558 0.024022250187820844 0.002304513133850355 0.00019922203120927736 0.0001472313128414894 0.0014226737822558052 7.750350371079399e-05
112 1120 0.06253243597112405 0 2.8664333235260693 1.258311087238602 0.4118821682043752 0.0009234765976717195 0.004171562313244327 0.023240232372040585 0.0019319123324826016 0.0013761061690770891 1.096012428070246e-05 0.0007774672770064674 0.0002932429323982147
113 1130 0.06400062901788545 0 3.177185169595395 1.1432023591883433 0.383376907380389 0.04997632513328243 0.03188368822182921 0.03684378212315281 0.005936904661651621 9.42626248059367e-06 0.000547232293547411 0.001204709749392314 6.883535453456314e-07
114 1140 0.06424975688937626 0 2.7708474062025026 1.1846381075731727 0.3039914056400675 0.08889810563780645 0.0014097539456003054 0.022960131083511862 0.00980592952935686 0.0043941800435426835 0.00017341704262035525 0.00021456266324581638 0.00033441259813676995
115 1150 0.06717345742869756 0 3.161693032358685 1.1954050596338797 0.16430564429463704 0.03774604344059604 0.06225470155076434 0.0002100312660181741 0.004141699039673037 0.0011809520116173977 4.8098131122856475e-05 0.0001792322344946338 0.0010635702647241558
116 1160 0.06247003926577998 0 2.574371893524749 1.1736554997877917 0.21836174212664436 0.09097445292236886 0.051953106715060086 0.02632227359194004 3.577947075496662e-05 0.0045093877990678224 0.00020141593088368075 1.68135062603451e-05 2.175896414359277e-05
117 1170 0.059214856874309024 0 2.9891690707142713 1.0475084171635494 0.31440217639434126 0.11846072377870165 0.03477171168705752 0.026422595488828162 0.00015613567146631864 0.0077905203702549 0.001278010140703705 2.885617340468332e-05 5.312765576513083e-05
118 1180 0.059591465080592196 0 2.175152142192362 0.9956072751836738 0.2078391818721481 0.017312874497685184 0.01634953612524166 0.0020295794295609355 0.0009232095073504667 0.008321619859826922 0.0010798542189256368 0.0002623721178064529 0.0004301500336816294
119 1190 0.061591026181015675 0 1.3884948124764782 0.9907499883918104 0.23548932874657869 0.00063050494479493 0.002975383526700393 0.006638929537304606 3.514057951112609e-05 0.0006137323527053695 0.00014348674595122143 0.00020598949980597946 0.00033806877282049777
120 1200 0.0626144611373372 0 1.8077873506593842 1.0054581428263651 0.206729702980325 0.03992918076004406 0.009346144501961688 0.014433887549223581 0.0010763255491692684 0.003876419618317293 0.00046319907853170856 3.996344976017852e-07 0.0005440279993983684
121 1210 0.06009275240743131 0 1.6599759481663428 1.0034653891396048 0.19565264641728514 0.0194396076882422 0.0022246064666686534 0.014664905505173348 0.0020261570609207743 2.82112174341745e-05 0.00011943243972375105 0.001286987879787349 2.309305809118696e-05
122 1220 0.06157857157890528 0 1.3916556700418654 1.0821593117542616 0.1663635208452515 0.046242310044540894 0.0038073370777125257 0.00035525220911758145 0.00416957059816992 0.00041487005223911605 0.00021125876308366 8.008619979116814e-05 4.375909871548923e-05
123 1230 0.056497913248019296 0 1.7268167121520663 1.0734655109468343 0.16054685503037938 0.06024498370606575 0.0020421812456834524 0.02543862590370704 0.004915674244612151 0.0010059094769833043 0.0001968496148625735 0.0001982153469314263 5.856125245873832e-05
124 1240 0.05555604950600269 0 1.8670398821805723 1.1769080201437547 0.1964883144719933 0.07374964199113912 0.0008030052194806567 0.006808532360869392 0.0020911017569481345 0.0008752802727399689 5.4017490449156925e-06 0.00024776410819116955 0.0003655911186013071
125 1250 0.05717972828535272 0 1.58409986675691 1.1893182286040038 0.020327008858010864 0.062388703647614514 0.00018006727748681424 0.007434634475836931 0.0008020304020396822 0.00026413624201174766 1.5160905617093949e-05 0.0004211262494922627 0.00013373274649412675
126 1260 0.051877061638274914 0 1.6678584210430758 1.185745627443616 0.11132486939238498 0.07622665676113297 0.00045033351100166684 0.010339356568460262 0.0014416215704641303 0.0012044023312746744 0.0001099028636912886 0.00019775499104094974 3.9353409809374885e-05
127 1270 0.048226949995259394 0 1.5991826653861578 1.0750987120298725 0.05859095557161586 0.07758089040500847 0.013451373226524111 0.01000041705678085 0.0074117082368953795 0.0004670812320123469 0.00014546855463475536 5.466491137644135e-06 0.0003342242518693655
128 1280 0.04655814981189118 0 1.408267293840312 1.0800335816256803 0.07906332784699815 0.0690151054528067 6.486695016493427e-05 0.0015152994874356785 3.904928580184123e-05 0.0030083096167288627 3.05340804632357e-05 3.5061004145538852e-06 0.00013619075279849317
129 1290 0.04656937773896855 0 1.1286572461662656 0.9569489036737502 0.09216097125519931 0.0551344031786029 0.0057158045878113045 0.006650193533568568 0.005083355685133958 0.00034468160511310963 3.1369295300471066e-06 7.91890296275067e-05 0.00016120098868296204
130 1300 0.0459837695830238 0 1.1090038542806264 0.9877339351838539 0.018933646890792466 0.008517406295458834 0.007213025211457364 9.444608612490769e-05 0.004480192715748099 0.002640894813927557 0.0003976884142451453 0.0001427284841676125 1.5314636621985146e-05
131 1310 0.04757716697675974 0 0.9403334813108379 0.9122809739272716 0.05006699442325969 0.017854917475371723 0.0006699494307353098 0.0025848661274501797 0.0004176629007850088 0.0012137024935766339 0.0012350631369701 4.9029363990484733e-05 9.852102896742008e-07
132 1320 0.04698216837548402 0 1.0226633160663083 0.9073902081688024 0.09855205904614725 0.0008371421040924211 8.358909738074346e-05 0.0001898453788028341 8.392420407873262e-06 3.604808399155339e-06 0.00026499719269095195 0.0008128068231734977 9.27295594468344e-05
133 1330 0.049596097905045614 0 0.8697446523827237 0.8077994398904675 0.14498577435213955 0.0005439140401099177 0.0028788785596371358 0.013702593139236384 0.0019325134450519086 3.506925687355083e-05 0.00013491399600147106 0.0003249189275761324 5.863043843169312e-07
134 1340 0.05515786966636285 0 0.6690926586997588 0.6542972739327567 0.0649243936045068 0.02522253617787473 0.010213733292868668 0.004814056600650292 0.0034959164476827532 0.00048429370243246555 4.587132160731688e-05 0.0007545760626228264 0.00018730722712209872
135 1350 0.059299206334639365 0 0.6720820513821301 0.7544465716144254 0.06326688412094894 0.004574661686979456 1.9430308996857447e-05 0.003327155656184242 0.0028481749037056335 0.0010501928786709888 4.105721762866773e-05 8.55110271024393e-06 0.00022388473124460554
136 1360 0.06513902546125509 0 0.46277813353763864 0.5380101393275396 0.0647776275924086 0.030010078021387675 0.018194937847695335 0.0017232193497298159 0.006164677683192822 7.722188903093527e-08 4.3532211289299536e-05 3.886700406875872e-05 0.00013293114742077581
137 1370 0.06515001353088744 0 0.45517629131342474 0.6118389224684684 0.1268106508988649 0.0026490370463615343 0.0029861593483788956 0.00024953236567883515 0.0014624474391397278 2.7651817055738625e-05 1.560060692355503e-05 9.172186796231946e-06 2.171716379869944e-05
138 1380 0.06509687132288447 0 0.3551293049979236 0.4703545492791449 0.051612115520921126 0.008074507775552943 2.373856611763316e-06 0.0064098452451445565 0.006230692218757066 0.0005061024030028572 0.00012976549366629692 0.00019370811922987885 7.740138110776836e-05
139 1390 0.058574622140290106 0 0.4374246214698461 0.5252265423316033 0.13719748185512673 0.002376742391826732 0.010267337987983119 0.008535358633471933 0.003076447463894871 0.0004228221208315941 0.0003405885807812291 9.914371140357836e-05 5.773391024407592e-06
140 1400 0.05787586768231607 0 0.29742366033521606 0.42149018959084505 0.012365894085311585 0.00023937761724476537 0.002161500648628886 0.0011242738494857982 0.002407561271175878 0.001016183208283549 0.0005180849019259365 0.00019314434745354163 0.0002733038395440527
141 1410 0.061094491444853176 0 0.24384007225475432 0.38766098839345203 0.0018629975781839186 0.010963940746754249 0.0017987118059647675 0.00848641160022147 0.00070162350847664 0.002348765575307705 1.2898744097344216e-05 6.691742067963698e-05 1.0953194934680958e-06
142 1420 0.06491389625088696 0 0.16889681044751664 0.025029193629269152 0.008166384348610582 0.047277764020214476 0.019551519865237045 0.00021232329923515396 0.00045531201778315167 5.1169442044064665e-06 0.00011508768171758132 0.0004941468861923684 0.00016700037961089585
143 1430 0.06579913984888526 0 0.11491853584197795 0.0001930947877854266 0.000710829191996102 0.010696779738743759 0.01880938160830196 0.0008529368948935783 0.0015565319230054929 6.070237603080073e-05 1.3015634285990543e-05 0.0005219133882636552 0.00011306719006193149
144 1440 0.06261570268854004 0 0.17014882946169624 0.15431062623755354 0.012987553372534145 0.0007992414078371554 0.03408775912808774 5.785334331285018e-05 0.0012533318061903262 0.0010572687845190692 7.431328352544425e-07 2.027811566730119e-05 0.00012120322665667158
145 1450 0.056411562751932695 0 0.1869996790198639 0.20949590799498197 0.13133783791227024 0.001547971783468792 0.0028650006973259166 2.2040247123527973e-05 0.00021886026826319053 0.0021658468201738706 4.145922871513655e-05 0.00026322116243901456 1.2401778677653641e-05
146 1460 0.0519414543135831 0 0.10195205322515923 0.15349224756125945 0.04890630428885622 0.00034868639085060325 0.002116619177335745 0.00048819124005248106 8.466865182410223e-05 0.001503442639799363 0.0006911113752857285 0.0003191200521205241 3.428858294118062e-07
147 1470 0.05025960646333846 0 0.05516487982382909 0.09508913801054877 0.06774596180963938 1.2131571081935287e-05 0.0007150140232036067 0.006096703000499555 8.73427936184004e-05 0.0003385655197659751 0.0001902117837432468 0.00014725661528459854 1.6243970646635643e-06
148 1480 0.047338792977710285 0 0.08288610600054326 0.24273428769438266 0.02550417764085782 0.010105477256285753 0.003195864555772055 0.0005013308179278745 1.840376814523635e-05 0.001032181872630816 0.0003174119832475878 7.67030019478946e-05 3.178335840932006e-05
149 1490 0.044557306364560206 0 0.07078244357185874 0.21102145208493353 1.4302255820515668e-05 0.0053781159050091615 0.0012608543944368274 0.006172147794344502 0.0002267361951603253 0.0007658906538617736 0.00013044742449201587 2.3324865237910077e-06 3.194194504097648e-05
150 1500 0.04264067050852337 0 0.054040691999990946 0.019023435185840678 0.0037635447668483424 7.074837534679695e-06 0.0103563998926909 0.0009893426802935566 0.003914331213201306 0.0005205083329270721 0.00037997886354968163 4.869687849494913e-06 2.627509391395395e-06
151 1510 0.04059313151764194 0 0.04170700585921369 0.008013141467914358 0.02123677948299101 0.03682947748735106 0.005353473782274409 1.2245841760801249e-05 0.0002783512470760854 0.0006553672076082152 8.208505624367771e-05 7.626101770740936e-05 3.785132446912404e-05
152 1520 0.03747780598817743 0 0.03404382155332592 0.07198905862402483 0.005307678169505415 0.003916963810432722 0.0027368652267403754 0.0005029320157054797 0.003228765997214635 0.0006989048031309439 2.2538758696218667e-05 4.466258905249749e-06 1.2698666860560512e-05
153 1530 0.03425000946643798 0 0.02808092923866626 0.06782122423262257 0.028406220290345674 0.024073129658449155 0.0004219861240772601 7.968515352520696e-06 0.0009542694428902352 5.095802477305326e-05 3.422130522457633e-05 7.233229215072832e-05 6.37441752908365e-05
154 1540 0.03282638252251291 0 0.01733349078903384 2.84671922448303e-06 8.44916046029661e-06 0.00010178019612198126 0.0071109679375186054 1.5124756187803079e-05 0.0010067112028926707 0.00030403429640129664 6.307694168311643e-07 4.41100858114863e-06 9.57316367717426e-05
155 1550 0.030043614364137865 0 0.013978351915374203 0.01781609436209807 0.0009036094308819141 0.014848652861687121 0.0021562000482038216 0.00010077752675274193 0.00048680582892965385 0.000745950425973111 8.308859133138989e-05 8.973104792464674e-06 4.499551827404791e-05
156 1560 0.027460286298944682 0 0.01092078258078807 0.07389012909772165 5.883686733793306e-06 0.00029046303906098505 0.0006714250954272951 0.0004997463609550334 0.0015521944217647707 2.5235780401329545e-05 1.5372837463282625e-05 1.0727620990123348e-05 8.086000468860011e-06
157 1570 0.0248589236262517 0 0.011230661636797675 0.010667158828372797 0.0037672345179701923 0.0001299178226182262 0.004758305531968099 1.1420188669071982e-06 0.0010332981125761832 0.00022471580043297398 5.624380782705829e-05 2.3883353933667183e-05 7.557442131322532e-05
158 1580 0.02347132415543503 0 0.0026845119444794644 0.023558597891927262 0.0011327909026361774 7.875232953852488e-05 0.0006249740921471736 0.00017834858890822586 0.0008228311060143126 6.835385243492259e-05 8.607174956437109e-05 3.197997588901701e-05 5.940419359365104e-08
159 1590 0.02329924096990872 0 0.0008342720592469286 0.007165026136241003 0.0019820021832443607 0.0011534393926232887 0.0020020910280542496 5.292031058312683e-06 2.180521687941661e-05 5.874981441898859e-05 4.192369694046986e-05 1.9867062113148922e-05 1.1533953639856533e-05
160 1600 0.022182206918763755 0 0.0017825081670956905 0.02027530015264246 0.0054731022214967 0.0006720791341454493 0.0022756077711645175 0.00037551484740356244 5.428070561348922e-05 0.00014229777516899266 3.996058239509791e-05 1.1553546841472514e-05 1.8101057467381567e-05
161 1610 0.020787072954469295 0 0.0026615637849864184 9.33218462455963e-05 0.00187651914185441 0.0017492591479894594 0.003820704563446509 0.0009570107161909292 0.0002625875458476836 5.157645890349195e-05 1.7163959609280853e-05 3.290483309419639e-05 1.6501644816230155e-05
162 1620 0.017899385570803124 0 0.0006928375932927788 0.007593010196017345 0.00011564088347852582 0.001346606155516819 0.0010721666806790887 8.266612265951305e-05 0.0003546367500309603 4.6218245600344577e-05 1.6591962116702928e-05 3.9576377054506343e-07 1.3145265459849586e-05
163 1630 0.017963248027624657 0 0.000485152441047968 0.0038341120150505964 0.0004964245891925696 0.0013214417405174642 0.0012963592750735002 2.397538720293354e-05 0.00013942161047532744 3.568294706761694e-07 8.689577709895609e-06 3.112808807819099e-05 3.037309364729345e-06
164 1640 0.018427182857984985 0 0.00035680598233783436 0.00017365388532526976 0.0004011226772830952 0.0007685673039865161 2.11537632811477e-05 0.0002923704098222701 2.349159985117542e-05 4.757083088775088e-05 6.679811019330728e-06 3.528145424458715e-05 3.0841200972377793e-06
165 1650 0.018311962136478722 0 0.0009166056489058752 0.0026204560325419498 0.008428912277540964 0.0013077736972377347 1.8899787948254614e-05 0.0009130388497584017 9.10860129039526e-06 8.668759912442286e-08 3.4561796589218216e-05 2.1559642736727185e-05 6.169773526960796e-07
166 1660 0.017661941448135828 0 0.0005378693960943356 6.4308638933623665e-06 0.006878170274955879 0.0007977263068319913 0.001268524951302273 8.041991027908483e-05 6.67761736337818e-07 0.00010797069496514325 6.92823317577428e-08 1.0242628323057466e-05 1.2130316004069548e-06
167 1670 0.017419064246434114 0 0.0002305961082505787 0.0015842585741432575 3.935006040715585e-05 5.069411495121425e-05 1.75234856658128e-05 0.00041717651031251984 0.00015456128315833486 1.0842053392138696e-05 5.828353631896078e-07 7.195988658261896e-07 9.718126080776798e-06
168 1680 0.01667988288458774 0 0.0005427569702496493 0.008241318820874382 0.002472504065196313 0.0030198381818735145 7.808022553944262e-05 1.369331341908841e-05 0.000111035303055267 0.00011571548824295172 7.612573432527002e-06 1.3519767447714225e-05 6.838253166503003e-06
169 1690 0.015582585969250792 0 0.0004975607023119692 0.009481817156239556 0.006453124117164905 0.0002738639353200862 0.00023868311687836024 0.0003811871952071499 0.00019198421868746484 7.080249303258748e-05 1.2157165823239641e-05 3.861127661231473e-06 1.6117314294383553e-08
170 1700 0.01423428447373331 0 0.0002619702097675523 0.012405138888283294 1.1933320441202489e-05 0.0007400704322312508 0.0004622409290338613 0.00016361624097195046 2.90743998020608e-05 7.740883472046313e-05 3.5120504994694556e-06 9.007349107496694e-07 6.5701393413995385e-09
171 1710 0.01260419420711396 0 0.0002840360852650755 0.005643932635553615 9.732485109454508e-05 0.0016043842513470106 7.044679849242486e-06 0.0006142303550995762 2.1986397744017527e-05 1.713315769405718e-06 1.2527579708536021e-05 7.080683346352043e-06 1.5500936992915283e-06
172 1720 0.011020472519131637 0 0.00010991525840974901 5.4323541671975016e-05 0.00042849992041552666 2.576145669452043e-06 0.0003537692727066819 0.0002187181384970919 4.259405187750879e-06 4.030239182711222e-05 2.2856370631059012e-05 1.2508842556912702e-05 3.154183260095128e-07
173 1730 0.01016033039195374 0 0.00015617269208498613 0.004992041754826909 9.545550851680499e-05 0.0001107680471952351 0.0002061656395382823 0.0003233442516452005 0.00015944160133746034 2.232936837476597e-06 8.547562911432475e-06 9.62035251678439e-06 1.2969635890192592e-07
174 1740 0.009119877415180446 0 0.00014381436547396593 0.0051111806142538525 0.0008078681651755879 1.2369254249211506e-09 5.187973142443543e-05 0.00025278596501334126 1.0458665590381255e-06 2.428549785665142e-05 4.0557946579188084e-05 1.9287096275278067e-06 1.295488729055501e-06
175 1750 0.008146372809454629 0 0.00015137223172991053 0.0002613941637716861 0.00029624324125040904 3.953525440409121e-05 0.000516229344558256 0.00011963890813347663 5.447475183180401e-06 9.358867487179931e-05 6.973702037094904e-06 9.102655357357365e-06 3.131923514794748e-06
176 1760 0.007595910244288863 0 4.651171721176948e-05 0.0028333107211509713 0.001042749471365902 0.00010691415563519542 0.00031128528940939615 5.4761161757033156e-05 2.7635559925803602e-08 4.3990902819014186e-05 9.498224687353887e-07 3.54842470819807e-06 5.024940446053217e-08
177 1770 0.00687776780575274 0 5.1496740718367335e-05 0.0006648770050627181 4.2001651501521094e-05 8.688494618732608e-05 0.0002200603581103899 0.00016672568054584605 3.523328593486554e-11 3.661509049894564e-05 2.070052259715659e-09 8.427087390982887e-06 2.1052844564849043e-06
178 1780 0.0073657811517340785 0 2.08883386001819e-05 0.0003400566716044898 0.00041784331057525555 9.716993339564222e-05 0.0002802903665829281 0.00013418789775951752 1.3978418949408733e-06 1.2414189417771174e-06 3.8155615011809407e-07 4.01068417602963e-06 2.2995759529094305e-07
179 1790 0.007362209043426318 0 2.4181574303017463e-05 0.001241675651607402 0.0007832195615230428 0.00012637703906868465 0.00015282026273235827 2.8552454545149218e-05 8.488700343187926e-07 4.017815821576617e-05 3.0953104316778035e-06 2.6207591235549583e-08 3.8126972436658096e-07
180 1800 0.007626284064047477 0 3.966477831089135e-05 1.0542727308084647e-05 0.0002758755269557251 8.819095203466216e-05 0.0005267749605684125 9.776567475315901e-07 4.748916260519712e-07 3.268091425519705e-05 1.4183221870082354e-07 1.8909331909508925e-07 8.394461894562053e-07
181 1810 0.008069617946913332 0 4.503560529759873e-05 0.000142367358412901 0.0004260261423080165 4.317317164595292e-05 0.0006346217290952247 2.0470375143739446e-05 3.721218910161343e-06 2.053576432117566e-07 5.734227299091479e-06 3.126248610670466e-06 4.0884898604302434e-08
182 1820 0.00870647162079372 0 2.171001434938115e-05 0.00012346017722500752 0.00023543971855545864 0.00014449725363749796 5.013701464845397e-05 2.7197366567858726e-05 4.6178819278545576e-05 5.205303900763851e-06 1.394334921662244e-05 5.480720778316909e-06 1.7915400855725103e-07
183 1830 0.008699369484178 0 2.5137123053841165e-05 0.0007219152160587366 0.0004253798796572608 8.989249181054975e-05 6.658757253141918e-05 4.45331603561344e-05 2.3107884068966496e-05 1.345738211974861e-05 2.0171136055717383e-07 5.121023858301935e-06 3.6911757090297717e-06
184 1840 0.0077675128025653795 0 1.8895529682691786e-05 0.0018486534016637917 2.508411129584107e-05 3.964866910826607e-05 9.531132655103618e-05 4.3435842387868445e-05 5.892946324406594e-05 3.4782537871989134e-06 3.777356396860146e-06 5.002813903495116e-06 6.838415816227149e-10
185 1850 0.006772700520010729 0 1.835338092292152e-05 0.003150901573997058 5.847847164959673e-07 0.0001800833761272409 4.863834986241447e-05 2.623955213119441e-05 4.305516516339547e-05 2.267626235330711e-06 7.628379996495778e-06 1.3139100161316928e-06 2.2845737287943592e-07
186 1860 0.006302794736331651 0 4.292044174380678e-06 0.001392723424022501 0.00014179479185019565 0.00028544902998245636 4.619635048599994e-05 6.96145327724422e-06 6.824530160282617e-06 2.7510694823107906e-06 1.3930468618263555e-06 5.994386742062517e-08 2.8420931658802495e-08
187 1870 0.005807020620857131 0 2.6111532925055127e-06 0.00022789344377596949 6.372131287836781e-05 2.3543581218791196e-05 1.1760503451956396e-05 7.887475077702603e-06 8.734731361792738e-06 2.346604815806824e-06 3.89965829551955e-06 1.4032841499981008e-06 1.0659117625437944e-06
188 1880 0.005312456785912468 0 2.671741081922068e-06 4.702866798059262e-05 0.00010868577386886381 0.00019578226334786343 8.079292591732509e-05 1.074748609200032e-05 3.5007208448646336e-07 5.024956640340561e-09 3.459971366388917e-06 1.5183479489123206e-06 1.7297316844717537e-07
189 1890 0.00510695024450964 0 3.552362565186376e-06 0.00021906506294100956 0.00014268050069152075 3.2223859907762265e-05 0.00011153475558624496 7.910229072784566e-06 2.2734150410415134e-05 3.4259875703519993e-06 9.679838739943668e-07 4.450811777789662e-08 9.163366271351311e-07
190 1900 0.005106034257325892 0 5.2856436446030826e-06 0.0013875730970104101 0.0003303988886141899 7.404309480719601e-06 7.55779882971524e-06 1.347979762874981e-05 1.3667093271251352e-05 3.911094457713059e-07 7.008520598201086e-06 4.86464217190988e-07 1.6583557561117445e-07
191 1910 0.005033378385492843 0 2.8982131215722327e-06 2.4751413259460355e-05 0.0002511065045081571 0.0001001139699532747 9.446928879149085e-05 2.199829887393831e-05 6.55621557099681e-06 6.927092801192548e-06 4.457943004592884e-07 1.7894890926894651e-06 1.8569837397467618e-08
192 1920 0.004848705298402023 0 1.0642370370152378e-06 0.0004318861634576818 8.354258630926111e-07 7.181661907308636e-05 2.1365417599458854e-07 2.5926753101416514e-08 1.2329965166903417e-05 4.736473991563677e-08 3.051414943950556e-06 1.1922558326349054e-07 6.149514261515679e-08
193 1930 0.0045578616740807685 0 3.1459539172481426e-06 3.7523914997235813e-06 2.8868437118302707e-05 1.2731022441045601e-05 2.530280036721225e-05 7.4618450916616925e-06 2.626878748889042e-05 1.1216393712711215e-05 5.595580223477796e-08 1.1866782646311096e-06 2.092386081234454e-08
194 1940 0.004438256271528665 0 9.350872381080595e-07 3.853539809642756e-07 5.730653103519409e-05 3.2472694062513532e-06 3.352414685104096e-05 2.046029499910874e-06 1.0862008588419012e-05 1.9704123725590987e-06 6.174632415699027e-07 1.5151326685560846e-06 1.0823015045282804e-10
195 1950 0.004334277759130999 0 4.296445533156957e-07 0.00010220932631264162 0.00010873919526845141 3.818549191792809e-05 1.6934414510561003e-06 2.0678157245440868e-07 1.2657944812790972e-06 6.047717183080136e-07 2.0988574661592036e-09 8.82187009517443e-07 3.9725838735700546e-07
196 1960 0.0041539975096199595 0 1.679446467487243e-07 7.796991871485027e-06 6.410839964145154e-05 3.771454451916691e-05 1.442038674690246e-06 8.388576083930424e-07 3.0746544755349416e-06 5.568906265358494e-08 1.0622912274636409e-06 4.0993189647843175e-07 9.299413962318888e-08
197 1970 0.004087694317545213 0 1.2299704576848973e-07 4.346619452259814e-05 4.88591670434386e-06 1.242047194303551e-06 8.550310633578274e-06 1.0649618420929643e-05 3.2425389423048737e-06 1.2519014803234521e-06 6.65498091152101e-07 5.2045298640068106e-08 3.931409319308052e-08
198 1980 0.003836847804931389 0 2.7424532586693403e-08 5.722867650564169e-05 9.144542125478815e-08 1.8227902546854707e-05 5.814043294827968e-10 4.0406242301638393e-07 7.77966226346001e-07 3.9266320768749896e-07 5.36968917340327e-07 4.366138794173433e-08 1.6598493977468976e-08
199 1990 0.0034791630218484553 0 1.2742741203065005e-07 7.621445188917822e-05 2.9800207118458387e-05 9.342588453770046e-06 2.2283031181566397e-06 1.3252507999316213e-05 1.9780862275903326e-08 7.561470232273807e-07 2.46545692853391e-07 3.7909312169358e-08 1.573232894231824e-07
200 2000 0.0031311149719052468 0 1.0422946480106394e-07 6.316222257352689e-05 3.2945193969750625e-05 4.617102712471266e-05 2.9614939615373676e-08 1.2636250894616953e-06 4.811277714013201e-07 1.4559093929014596e-06 6.740914939377059e-07 7.484812720582535e-08 6.737684532610549e-08
201 2010 0.0027581156697257803 0 1.0229859378292822e-07 3.614358440264793e-07 3.041761861221687e-05 4.720944548351019e-05 1.0666875132113571e-05 2.510819095923066e-10 5.288306014558141e-07 1.1287543431669847e-06 4.448631196724717e-07 2.724809271229011e-07 9.171282055674128e-09
202 2020 0.002431038882547314 0 4.914349421924151e-08 3.9583519195691624e-05 4.531796887022765e-06 7.834064779374984e-06 1.68963070672292e-05 1.609074577915035e-06 2.054526904741631e-09 3.4753439211758605e-08 2.9472544670100515e-07 2.392269812299867e-07 5.928940226940766e-09
203 2030 0.0021549987651190267 0 1.5919010529846927e-08 1.5622171333139602e-06 4.302213448681309e-06 9.53046103137981e-06 3.0593374040204417e-06 3.4164618015013034e-06 2.5036462951039636e-07 8.095786566706747e-07 6.061390765434609e-08 5.11522310695011e-08 9.828690797489297e-09
204 2040 0.0018591311363978181 0 6.480552968098667e-08 8.295977717041703e-05 4.2044875601999005e-06 8.670213072777838e-06 3.4084960585973026e-06 7.038682211540296e-06 2.8690129185615715e-08 8.522879765718482e-07 7.30728107160367e-07 8.021695079011236e-09 6.823761132328632e-13
205 2050 0.001656944458925804 0 4.491245519002883e-08 5.3461072144287955e-05 1.2962079119297479e-05 1.6131826363447775e-05 1.515917404733671e-05 9.998513189170434e-07 2.0315286614870715e-06 3.1195501297981214e-07 2.0663991169915714e-07 1.4895335872633142e-13 1.9419482015857057e-08
206 2060 0.0015030199336453802 0 2.8352764051159156e-08 0.00010440858792572469 1.393055124482781e-05 2.6231114531934427e-06 1.1297830541772508e-05 2.209246869060812e-06 1.2240442017275345e-11 1.940242104015487e-09 1.0615450544818625e-07 6.281139860751763e-08 1.6802951932991117e-11
207 2070 0.0013501772102200405 0 6.983757201338989e-09 4.990943299819681e-09 2.8172744600513753e-08 1.7029889699016674e-06 5.776108481732273e-06 8.950163110949248e-08 6.853774575213228e-07 2.801982742138246e-11 8.705636843989601e-08 1.3401799567282344e-08 4.667663659724079e-08
208 2080 0.0012257665617884943 0 9.024089290620525e-09 3.57865882989207e-05 9.58876523973705e-10 2.1810817999247926e-06 5.2747155726900505e-06 1.5535570353239437e-06 1.2998262360005327e-06 7.122017982549021e-08 3.1226524487076065e-08 1.7495975460659512e-09 1.3146293660407706e-09
209 2090 0.001163534593649641 0 8.185434655918901e-09 1.054740661197342e-05 4.711409316465705e-06 1.0054718859248527e-05 3.2215693930335485e-06 9.47985445789603e-08 3.9409993899525583e-07 4.9951098071022626e-09 1.6383509476144803e-07 9.897792247753359e-08 3.2552718941375315e-08
210 2100 0.0010215119478980865 0 2.925366689213431e-09 7.397391476913947e-06 1.4938321346449015e-05 3.080345024051919e-06 2.9608375509531824e-06 1.3103863535263804e-07 1.1411832004667686e-07 3.276301410680511e-11 1.1258775914217366e-07 2.450395036849312e-08 1.4775368122501547e-10
211 2110 0.0009339036353562251 0 3.1121569075886343e-09 6.055982948319445e-06 1.2772254008291293e-05 8.80409799769008e-06 2.3664716531474046e-06 1.1693537269803883e-08 1.4836872833385818e-07 8.427027274865897e-09 5.841370966961912e-10 6.328227014120106e-09 5.6113054296385864e-09
212 2120 0.0008982561091378567 0 3.654523610972441e-10 1.1314082704520436e-05 1.8678927299413337e-06 2.6445308966972433e-07 9.701523008017032e-07 1.1026265670381843e-07 5.8524034997827145e-08 5.680973777512439e-10 2.45472885013689e-09 8.741861293721987e-09 9.790486999633033e-09
213 2130 0.0008225733905015886 0 7.409862135086864e-10 1.3048158377564016e-05 2.7608387772888144e-06 1.7656300123475024e-06 9.540707869332476e-07 7.6667092694564e-09 2.5281658715802995e-07 1.0673044584240009e-08 4.264159739466462e-08 2.2450471121583014e-08 6.731073945369187e-09
214 2140 0.0008063734587699883 0 5.250051609275826e-10 1.1991974935955536e-08 1.548136680598401e-07 8.523506241707318e-08 1.1694287764036512e-06 3.605157742972048e-07 2.587024743327793e-07 7.839479057713087e-09 1.7066496424635607e-08 1.7994508086744415e-08 9.97840704904783e-09
215 2150 0.0007881870867542638 0 4.177487568170293e-10 1.791168979770795e-06 6.105655276318063e-06 1.6539295606091859e-07 1.1274148888265674e-06 4.573133914059539e-08 8.451303438584332e-08 8.969239589295875e-08 5.2025685249658034e-11 3.1254068463735214e-11 4.123653526944033e-09
216 2160 0.0007581305483941508 0 7.149657620686861e-10 2.4906802068799643e-09 6.9613566405427496e-09 5.531898782256841e-06 5.657268631740158e-07 6.220532097557065e-08 7.881204620922381e-08 1.816896931635535e-08 9.864449592665534e-09 1.7593429441621943e-09 1.5333601773153555e-11
217 2170 0.0007501849448550734 0 8.149951458763822e-10 1.1865014710538814e-06 5.4802269090604635e-06 1.645388125455463e-06 2.209888564377962e-06 1.6981396549401597e-07 1.3018536656745437e-07 5.685396752381152e-09 3.322074615646516e-08 1.0979374261428549e-08 2.8443980305772503e-10
218 2180 0.0007013813917486053 0 3.4565481704032906e-10 7.559725112662077e-06 1.198350018020082e-06 2.896412629298516e-07 1.4030591608468356e-06 2.793411872553818e-07 6.128704455516883e-08 3.275272759845484e-08 1.271539835381493e-08 7.173765167704269e-12 4.5422083498594625e-09
219 2190 0.0006443021557441926 0 4.6215350624427243e-10 1.0823589551355548e-06 6.166985285440761e-07 5.242143061558481e-07 7.227964541509543e-07 4.8959346636307554e-08 1.400814070282656e-07 1.8619497669100665e-07 2.460572565903414e-09 5.649435687792519e-10 3.2601753004752326e-09
220 2200 0.0006429254120787468 0 3.1532370327510365e-10 3.003464593754843e-07 5.254550700094909e-06 2.977688199220592e-07 1.1140297090541567e-06 1.6546335261549068e-07 5.0182115659179766e-08 3.189098437873442e-08 1.567486930962023e-08 9.673864615143066e-09 1.0914951683336612e-09
221 2210 0.0005803525901055102 0 2.3187935210959765e-10 1.3473924907660956e-06 1.1173812828120383e-08 1.9181205475529495e-06 1.1268321895290533e-06 3.190957007170095e-08 3.0732291164889606e-10 4.0878526656114e-08 1.6115372529654906e-11 7.981264195562347e-10 2.5498919606450315e-09
222 2220 0.0005532479995535402 0 7.096229513325751e-11 4.748565719217275e-06 5.084300937830516e-08 4.530352061670965e-08 4.595802393070732e-07 1.1594369044508704e-07 2.2054290612575816e-08 3.269280387312759e-10 1.8744595591703813e-10 9.279442340113459e-09 1.1807315828035123e-09
223 2230 0.0005287178270677789 0 1.359966230692367e-10 4.133089730843282e-06 3.406189872709529e-06 1.7812848834767011e-07 5.870811471646999e-07 1.9754611167982888e-08 8.188489861397922e-09 7.277962978981599e-09 3.006041500467649e-12 1.161329676000841e-08 2.887746953871817e-13
224 2240 0.00045873124875170775 0 2.2651997624195308e-11 2.3552643540542714e-07 6.223086713808425e-08 4.740647154125748e-07 3.224555296608187e-07 3.572286981534641e-08 1.4607649897978291e-08 2.512132616445142e-10 1.3069687536332733e-10 1.3417467703394897e-09 2.4285067400046383e-09
225 2250 0.0004227993818001273 0 6.972123184532977e-11 9.223200994096929e-08 5.800918584087486e-07 5.5469932642638634e-08 4.2993757979784675e-07 2.278467829324459e-11 6.937646362972902e-08 1.4613562056591876e-08 2.6738129296515605e-10 1.3117513096358462e-08 1.425708710177562e-10
226 2260 0.0003862455930236153 0 4.8503043824710114e-11 1.0022609583415507e-06 1.4764339297872588e-07 5.78772469931852e-09 1.834102971633137e-07 2.0294602869932784e-07 3.914845521876847e-08 1.0948036194706496e-10 6.6600532335208675e-09 8.15547532507793e-09 2.2858153922657323e-09
227 2270 0.00036433496207309026 0 1.7103669528565348e-11 9.97138200058116e-07 6.151232037885555e-07 2.8985070015576493e-07 1.0303230466456393e-07 4.580734840663645e-08 9.717502248688116e-10 1.0410999426285958e-08 4.147943460323335e-09 6.326196065252893e-09 2.9087897245354055e-11
228 2280 0.0003487844141470452 0 1.9857867341477702e-11 3.1207140233387075e-06 4.857838199391212e-09 7.774231269530355e-08 2.566536463783943e-07 2.0161393450571663e-08 6.991952634256688e-10 1.2383808775623033e-08 5.6961853601156195e-09 1.1665419125582013e-10 4.1146375359031453e-10
229 2290 0.00036301146695132407 0 1.8816308359642502e-11 8.988433080882048e-07 2.4536157822568455e-07 2.1594178154756393e-07 5.5838308206977496e-08 7.696187845859145e-09 2.1750112480564224e-08 5.195166507623068e-12 2.8542650960498817e-09 3.988008480810978e-10 3.866967684619048e-09
230 2300 0.00037613746166913225 0 2.3127280492649575e-11 2.4172027432494874e-07 2.9231464303568764e-08 2.4697030012652853e-07 2.126161089913386e-09 6.867963176270059e-08 1.0737459281059067e-08 4.280549812296682e-09 1.5070042221877792e-09 3.748804396801851e-09 3.999523153599819e-09
231 2310 0.00039348840041614436 0 3.92163994162782e-12 1.2439284097392854e-06 5.262319891399281e-08 1.7367720990158588e-07 6.629099023265323e-08 7.123637499758436e-09 1.7084280124203137e-08 7.175970401425884e-09 2.463889632330553e-10 2.5025293181371283e-10 2.9747206028482686e-10
232 2320 0.00037869611949294693 0 9.104979745092058e-12 1.1351426192118712e-06 2.934009032558526e-09 1.0167456451717875e-07 1.5311405446033468e-07 3.0505915787649626e-09 4.7893235958572724e-08 5.989729000470138e-10 1.5871965964575157e-09 7.771883019587858e-10 2.2923668495864368e-10
233 2330 0.0003465054508590836 0 1.3448243725712942e-11 8.814893563848691e-07 2.6839451393971704e-07 1.6474987483450698e-08 1.9510256473154827e-08 2.787102643924607e-09 6.477191730191675e-08 1.6902922675265403e-08 5.997170508036525e-13 1.3514867263056019e-09 5.0257936876048894e-12
234 2340 0.0003458574620889173 0 1.2110338535574459e-11 4.286504690855641e-07 3.036435504095916e-07 2.2319637214821656e-07 3.7226850786019602e-09 4.5458605013595746e-08 1.1299339863569907e-08 2.0073331228187174e-09 1.4033575764422713e-08 1.9418389155694306e-10 1.1296740271329603e-11
235 2350 0.00032191710544707215 0 3.5918594417752726e-12 1.6752389326059534e-08 8.752217579395673e-09 2.7604387953894665e-08 5.3703256558834556e-08 4.442471040688507e-09 1.233147323954441e-08 3.5866643696012898e-09 1.7460213655060181e-09 2.7092714424686627e-11 1.636864256897761e-09
236 2360 0.0002931860067027726 0 2.5932229344889234e-12 1.9809336497292212e-09 1.015934008487045e-07 9.19355708307553e-08 1.0800568568807652e-07 2.1830144622038154e-08 1.6721869356728677e-08 4.550502383235288e-11 1.8695071382905002e-10 8.192311787085515e-10 4.762723304983814e-10
237 2370 0.0002640281848962652 0 4.342542179407968e-12 3.430256332519837e-07 6.19070620546463e-07 5.485640064871022e-11 4.92512907951045e-10 4.979325761852753e-09 3.165909607809787e-08 7.287559913415481e-10 1.7731693987385252e-09 8.802528711498969e-11 3.4951004149252844e-10
238 2380 0.00022955465599633023 0 1.5091850547425689e-12 2.455983983021105e-07 4.75131946430304e-08 1.0790544067963788e-07 2.627213012158799e-08 7.761305565977094e-09 3.34591171562222e-09 1.0193099045133685e-08 1.6307711259713482e-10 1.3764790311682846e-11 1.6175655124531315e-10
239 2390 0.0002207842658847079 0 6.390070955545914e-13 7.501644163809321e-08 3.2043053374634476e-10 1.3715376619169959e-08 2.219278032316184e-09 3.015370160488194e-08 9.490438878422044e-09 7.103975473896154e-10 2.0592465562362468e-10 1.3469355476369153e-10 4.277033202307088e-11
240 2400 0.00020488449004420258 0 4.2452555973204427e-13 2.728149040653669e-07 4.6171875218035976e-08 1.5472890566606848e-08 6.248527699249057e-10 1.2312618384940239e-08 6.834198503799062e-09 4.048979847988625e-09 2.7968218051107228e-11 2.7260221458155382e-12 5.729295143855537e-12
241 2410 0.0001940645392872925 0 4.618317004987226e-13 2.3079296672085024e-07 5.435103742767477e-09 3.317000814087071e-08 9.621637542863816e-10 4.101921124759016e-09 9.369314304857427e-09 2.2937522317889818e-11 3.153432421840395e-11 9.332268125718908e-10 3.721769186213833e-12
242 2420 0.00019548246953777414 0 1.1071867693895728e-12 2.6157944487951322e-08 2.558860046854465e-07 4.5751305664762474e-08 1.1970826514961068e-10 2.4994596593930222e-08 1.114780566222834e-08 4.252644511955752e-09 8.164458250724747e-11 2.9328287771986806e-10 8.98584534540778e-12
243 2430 0.0001965292467683016 0 5.628462937290414e-13 3.108245376007126e-08 3.160126043666305e-08 6.10328636643992e-08 4.716680960049559e-08 8.368352251685169e-09 5.316543251053347e-09 4.774032052473906e-11 1.7770482486654471e-09 1.835177847561459e-10 8.523251107256392e-11
244 2440 0.00017515035099406164 0 4.020244080018388e-13 8.013727439386979e-08 1.558280597323691e-07 1.6680384358971297e-08 1.3829197196997208e-11 4.207230186154489e-13 8.973911412569505e-10 1.138013811061621e-09 1.502265551511838e-09 8.546274252969656e-10 1.0228909139245785e-11
245 2450 0.0001526530719499132 0 3.3473210738734167e-13 1.312820008132243e-07 1.653569761182317e-09 1.4663202363961227e-09 1.2799733564087484e-10 1.556563474757541e-08 2.4210139562639796e-09 6.884340516838524e-10 1.7329836222042915e-09 4.276790007569505e-10 9.383162365619451e-11
246 2460 0.0001439987313768848 0 2.1184863102470813e-13 2.6070738865497336e-09 4.2749701515744065e-11 2.354278012076375e-10 4.2583947652980926e-09 1.859090532105953e-10 5.124327455564858e-11 3.904176187958117e-09 8.858513692743941e-10 1.690263531151396e-10 1.2247595366197122e-10
247 2470 0.00013335631709150147 0 3.4012884080748044e-13 1.0134796423489718e-07 6.274778357800094e-09 1.8596756993986358e-09 8.752778968749748e-11 2.744002115349204e-09 1.2495720155633425e-09 5.485706215994426e-09 4.0209122221006675e-10 2.57491280344124e-10 4.7001916208947686e-12
248 2480 0.00013165472535673335 0 1.311015112475859e-13 4.547464897448703e-10 5.890217212467998e-10 2.612881702215387e-08 3.3435554705029244e-09 2.671067520453666e-09 4.283047326126482e-09 6.458438027666306e-10 8.722781348766955e-10 3.8712834641809813e-10 2.5764031658936516e-11
249 2490 0.00012064595459861857 0 1.0019087737357572e-13 7.2867999444634586e-09 1.356049891771755e-08 9.832272431594936e-11 1.7849051269102744e-08 1.6460928793836665e-09 4.315898251263331e-09 8.94513988345538e-10 1.2127162297008074e-12 6.093831649062499e-11 1.312829478887804e-10
250 2500 0.00011095763016788726 0 3.024971914416981e-14 6.840446523366353e-08 1.067894080156769e-08 4.4725330004747986e-10 9.131835918141154e-09 1.350117123266035e-09 4.062533742324345e-10 1.16656992356662e-09 1.8724674214233032e-10 6.659438391582482e-12 1.582435757125911e-11
251 2510 0.00010317751280272344 0 2.354305043063675e-14 3.0765305747514365e-09 1.910671598887317e-09 1.605276618825427e-08 3.7099583631075507e-10 3.228366678475036e-09 7.631974522300772e-10 4.683242081271313e-10 2.143738735411155e-11 2.1154914864269414e-10 1.4856978884095517e-12
252 2520 9.279759097061191e-05 0 7.136445196712058e-14 9.669408278305083e-08 3.5048374103492203e-08 2.114967821268637e-09 5.584218785992019e-09 3.142961298445381e-09 3.90157695097952e-09 7.214482516549517e-10 4.697273202281202e-10 3.4036378726091764e-11 4.686211803464227e-12
253 2530 8.508158786164963e-05 0 2.2784726528252406e-14 2.8738103454975796e-11 3.258298541684412e-11 1.664792936448116e-09 1.0619314018218264e-08 5.06656432263151e-12 1.2998217722509226e-09 3.48189798686225e-10 3.263990484211664e-10 6.514912982954729e-11 2.7133893555700432e-11
254 2540 8.207841187107256e-05 0 3.254558117547733e-14 6.823756737397852e-09 1.7478891089122126e-08 6.746985266632569e-09 6.18267478210735e-09 1.3712880378097328e-11 9.968986587190295e-10 7.647740852280584e-11 1.9846467256543636e-10 3.1767470283306325e-10 2.2534674846147388e-11
255 2550 7.628800926727203e-05 0 3.788519992992429e-15 1.1618651441119427e-08 5.454541678278727e-10 1.926479229290627e-11 3.1438497228429175e-10 2.613932858282107e-10 1.046808677908694e-09 7.3219757782819e-11 1.3269032022030887e-10 3.952290475928428e-11 6.504894086527362e-12
256 2560 7.186841602096542e-05 0 7.26319271862918e-15 2.4133199890270153e-08 3.949134173940264e-10 1.0824348633237358e-08 1.450057069346905e-09 2.742034504093762e-11 3.4121144727705554e-11 5.956566756698377e-10 2.345232100242754e-12 3.661388260140248e-11 1.0272047026558032e-11
257 2570 6.64291236792467e-05 0 2.6623350337948326e-15 7.50139650891848e-09 8.491415495832896e-09 6.999924701528945e-09 3.259561922919934e-09 5.071725902059246e-10 2.7551418645920876e-11 1.9508024615661397e-12 1.0243359273592899e-12 1.1521757062715066e-11 1.8831796386906064e-12
258 2580 5.7778053138678145e-05 0 3.139813338636366e-15 8.275433854353182e-09 5.851779493354188e-09 1.0811357700466958e-08 2.413969329858956e-10 2.9601986823801014e-10 2.497491559902381e-10 6.0359283223150165e-12 6.76672416569721e-11 1.3401628464075666e-12 2.9123976323032284e-14
259 2590 5.346963415825027e-05 0 1.4393183175800863e-15 2.426242772409423e-08 1.577836347020785e-10 1.4201423033556263e-10 1.0628002676356144e-10 3.842325307139085e-10 2.040201399182992e-10 2.307331711118972e-10 6.560905067763281e-14 6.894493246999925e-13 1.2581341477247173e-11
260 2600 4.803427599752074e-05 0 3.6096114217468745e-15 7.246512823369418e-10 2.491287815842187e-10 3.436911545614305e-09 6.997833254073759e-10 2.197904105106144e-11 2.2025122215853093e-10 3.847704300263302e-10 8.10610770122895e-11 3.89161012701748e-12 3.7574753160639176e-11
261 2610 4.2043170950392484e-05 0 1.3606384941623366e-15 9.126431036048267e-09 1.1631324018665766e-08 3.427065618937705e-10 3.0809700369363766e-11 1.2093700259788052e-10 1.0662483329328326e-11 9.866827002313083e-11 4.2083433756417947e-13 6.386443468656079e-12 2.3099530198835504e-11
262 2620 4.034795898506809e-05 0 1.2883923472946039e-15 4.408239103106185e-09 1.10729973188548e-08 1.496105729553956e-09 5.343621234474365e-11 4.160798053098753e-11 4.418091976619614e-11 1.7637297460212178e-10 3.3176515433368217e-13 3.1515296861178334e-11 1.1012264868526986e-11
263 2630 3.975262354661029e-05 0 1.864015225328883e-16 3.0932140141359272e-09 1.4203370257265887e-10 3.3927004288514697e-10 6.318131345494637e-11 4.862096363665768e-10 3.160897680298925e-11 1.3491149363892936e-11 2.607956336372257e-11 1.0766924561044586e-11 1.9015859384189224e-12
264 2640 4.147831268155842e-05 0 3.3242849956214363e-16 2.1182341120558358e-09 6.2654093526866925e-09 1.9012537534827733e-10 2.5675447077911266e-10 2.8505467670485725e-10 2.0396970364344334e-10 1.2577939600042472e-12 1.4143456454011904e-11 2.58450010111098e-13 1.3038730629283335e-12
265 2650 4.173610620458333e-05 0 9.179685364792791e-16 4.124306298163222e-10 1.1745896551283492e-08 6.896150556796741e-11 3.304390363551783e-11 4.938050689582393e-10 5.401034576828482e-12 1.3690318775226482e-13 3.53475919374636e-11 2.078149329649555e-11 3.5946769433859337e-12
266 2660 4.106443552466975e-05 0 1.2635085498149695e-15 7.379921480025885e-10 3.906905877297363e-09 8.245729969496691e-11 4.3944683396164703e-10 1.0264465395074677e-09 5.351279000415767e-10 2.4211831068307428e-11 5.025976855084246e-12 1.6005780631092406e-11 2.1087924974689543e-12
267 2670 4.001442238181032e-05 0 1.4002575090719983e-15 2.7286301041789056e-08 2.895987157091142e-10 8.223645497992398e-10 5.0209960576865183e-11 5.697237037148492e-12 3.394996830633828e-11 1.8654760139225647e-11 1.1684015821165358e-10 1.931979536788561e-12 2.6307226842945076e-13
268 2680 3.7436182625373285e-05 0 1.3634960277831416e-15 3.340004743236189e-08 1.0017752174758203e-09 1.8169033929341327e-09 1.2688282783651073e-10 7.514262033179472e-11 1.2893194416530026e-10 1.723436265006901e-13 4.711336582523155e-11 1.1598395635316452e-11 3.1425570811059406e-13
269 2690 3.600905239927954e-05 0 5.014046013119887e-16 1.9532202132658426e-09 8.677553343616709e-11 9.620211902285933e-10 1.4862567808188992e-09 5.3384129595314965e-11 7.191837235763977e-12 6.964553253690047e-11 7.87240755230966e-13 4.066725640506178e-15 1.4378862936594282e-11
270 2700 3.383030179830579e-05 0 7.34359705914327e-16 2.944335073822523e-09 6.595490941299133e-09 7.131456910445254e-10 2.099684399533238e-10 8.719268357519195e-10 1.387158852258683e-11 2.348153368943352e-11 1.0908067607145804e-11 2.722819421799188e-14 1.2003432172095648e-11
271 2710 3.2273076354610935e-05 0 4.621287672833494e-16 3.280154496199537e-09 7.183119095344295e-09 6.585299298427195e-10 9.936461214126649e-11 1.3092608232561861e-11 2.641984053076117e-10 6.599414294845074e-11 7.085930705776297e-12 4.861698626935912e-12 3.31928714282775e-13
272 2720 2.861215288440572e-05 0 3.1886657752601463e-16 8.638479947761364e-09 5.109822967237418e-09 7.172681547320921e-10 2.958596177931648e-10 7.893883400624889e-12 1.8391176051636468e-10 3.8961898873164836e-12 1.087860189955049e-11 8.992793626314996e-12 2.6917218982449167e-12
273 2730 2.6993186906565502e-05 0 3.3217867298403366e-16 5.618498813837956e-09 3.6773972251733995e-09 1.1523027679786797e-09 4.705720453475188e-10 5.7481491117667555e-12 7.966603775115977e-11 6.752640841602861e-11 1.2804182697618665e-11 1.890505047871243e-12 1.0928156634897896e-11
274 2740 2.580525741023452e-05 0 1.8341968923065937e-16 9.502645929884418e-09 6.736586168684905e-11 7.242593879881588e-11 2.1852282680988305e-10 1.6841727047714082e-10 8.848056330782793e-11 9.464289091216831e-13 3.2610133449449974e-13 1.6140478673582036e-11 1.4274852615095476e-12
